000012 0.999983 149.060654 206.873108 271.274597 386.700134
000071 0.036626 291.533661 313.439301 380.676788 419.328156
000153 0.999854 80.698853 122.981888 252.805298 340.395264
000166 0.999816 200.239563 124.969086 392.857361 428.091339
000202 0.559531 59.834000 20.524078 432.826416 343.918915
000202 0.010775 218.030014 12.737640 380.707397 303.788025
000129 0.029319 107.725723 181.344421 284.886963 480.000000
000107 0.005796 206.547394 1.000000 287.925812 82.758469
000003 0.994234 148.684265 40.196487 409.696655 416.500366
000180 0.991367 69.230484 91.993134 367.664917 480.000000
000094 0.999658 245.860123 134.957367 377.965332 370.671814
000206 0.840686 198.388580 104.359451 304.723602 422.890930
000029 0.853847 91.915115 96.098984 179.390884 286.708984
000029 0.005664 433.846375 271.528442 487.308960 391.070618
000040 0.005514 415.010803 298.830200 468.531555 416.843750
000026 0.005768 265.137604 323.870117 321.665009 423.989868
000026 0.040105 157.145477 145.071533 260.558197 313.638489
000136 0.052700 208.886337 1.000000 288.375061 83.393417
000025 0.278990 181.277710 141.748764 299.052002 313.343018
000027 0.053949 427.831116 263.083130 489.694519 402.862976
000020 0.005171 258.177979 313.466187 332.875977 405.424500
000093 0.999654 200.184143 133.657181 349.812561 390.590515
000093 0.005712 291.263977 327.686401 387.057678 416.449829
000169 0.999500 186.057220 111.157166 435.081512 407.187012
000002 0.005782 203.877365 1.000000 287.176544 82.296143
000148 0.999953 53.657074 179.346985 230.896545 418.136658
000143 0.006544 182.920105 69.580887 353.334778 448.241638
000143 0.006017 412.759613 291.416260 497.237701 433.254822
000054 0.098942 320.257263 323.366333 408.122253 403.609863
000021 0.015946 239.013672 322.580902 323.860962 410.612823
000171 0.999865 198.301910 88.266815 461.206635 420.046021
000177 0.816544 242.761353 45.663940 426.461182 406.424500
000118 0.010324 414.008636 245.007019 506.384003 434.251038
000118 0.028872 122.275940 197.172470 290.739258 480.000000
000010 0.042496 426.928558 240.541016 492.081635 386.487488
000010 0.999996 166.884476 175.165619 312.049988 404.785492
000217 0.999655 355.331512 60.097290 567.497803 383.398682
000150 0.999970 53.432426 175.185379 235.261475 419.796936
000030 0.201534 88.596558 116.006630 156.845352 293.734772
000030 0.115141 425.852936 276.915314 488.827667 391.408966
000011 0.999992 171.979691 202.139557 299.567078 379.899933
000155 0.999966 110.951797 151.058548 272.956665 411.593689
000004 0.999896 47.234596 8.508698 279.881012 402.947235
000151 0.999990 51.180359 167.654114 234.299988 417.709106
000091 0.831053 191.548126 79.736183 386.050446 334.895721
000091 0.016533 223.072418 138.043335 381.166412 267.925049
000142 0.008428 433.413239 267.777344 479.275848 420.037292
000015 0.100338 399.949768 257.879822 476.652161 397.855591
000015 0.996571 227.903870 206.523315 356.652466 407.987061
000161 0.999923 34.714951 118.492599 248.292252 403.913635
000058 0.024586 305.558350 310.218109 382.163391 414.167145
000173 0.998973 215.849487 84.502701 415.776428 422.807068
000172 0.999620 14.535522 110.921707 285.633942 472.998657
000156 0.990858 26.157959 97.595871 303.510956 480.000000
000006 0.999960 234.080017 40.971115 497.259521 433.902893
000178 0.984932 191.629303 33.706314 495.233734 361.155701
000035 0.015557 360.769196 220.207764 481.625580 392.201843
000125 0.010069 60.635651 155.403427 217.515259 480.000000
000125 0.011823 412.022430 260.216888 466.931000 427.849030
000175 0.999982 202.321457 76.899536 471.882019 423.316528
000056 0.017864 306.022827 312.515564 382.571472 412.635559
000144 0.007299 148.637909 82.816788 340.405212 439.686279
000033 0.135156 437.508392 260.739441 486.137604 401.597290
000098 0.997075 256.554565 110.745407 382.791260 351.776245
000146 0.024267 115.203598 98.969528 276.352173 479.911743
000087 0.014753 315.177582 327.261047 368.211700 419.950623
000028 0.038277 433.819763 270.070129 486.159851 394.005859
000028 0.010849 125.614014 125.218010 258.795959 325.515594
000157 0.999544 62.315704 189.287048 274.114227 479.572632
000022 0.005357 235.983200 329.318542 325.552185 409.646790
000163 0.999863 10.254700 130.788223 262.829834 430.452942
000179 0.999274 241.414368 34.443726 497.042786 341.347900
000168 0.999939 179.412659 103.189926 434.033081 404.016113
000100 0.009644 120.032173 188.071091 269.785065 409.433350
000100 0.007578 206.281815 1.000000 288.874329 95.175995
000016 0.875822 280.494019 214.079102 417.057251 410.010071
000016 0.009976 411.498871 238.200653 475.032867 423.551849
000135 0.031196 207.516632 1.000000 287.518280 82.273270
000014 0.109679 401.467957 271.846832 457.405273 380.534637
000014 0.999763 155.821274 207.401611 279.248749 394.633301
000199 0.999863 279.004547 61.229538 504.697784 398.387878
000095 0.908204 251.694824 135.448944 385.857971 394.477020
000121 0.007467 413.355377 247.611755 507.492584 428.482849
000099 0.977956 287.891907 106.641861 458.450745 345.034912
000037 0.006063 362.669098 156.221573 518.605225 357.978821
000013 0.046767 386.322235 249.302124 438.091461 382.405273
000013 0.999901 97.704826 209.168381 203.115051 390.810120
000092 0.991727 154.704315 115.936813 357.639954 373.560242
000137 0.008786 332.550537 158.063385 491.628906 480.000000
000208 0.052039 180.939453 29.440819 366.887024 279.427551
000009 0.999994 160.193512 139.254333 330.635529 425.454651
000174 0.999957 229.684479 76.173035 418.113617 395.816254
000160 0.014946 192.539886 150.545013 323.373566 403.334076
000160 0.014899 204.873856 1.000000 289.471924 82.294701
000008 0.998711 215.167999 84.148666 500.323090 480.000000
000158 0.999854 19.556915 159.597000 270.011139 430.644165
000053 0.036793 350.065399 315.742767 407.167267 432.561310
000181 0.998980 294.094116 62.750931 483.144165 355.123535
000000 0.999987 118.127052 109.129913 354.216919 477.568024
000170 0.999957 198.941803 90.036438 456.544220 410.093994
000045 0.010256 267.591125 317.640778 347.194153 421.592987
000176 0.997242 229.028900 62.068802 429.790497 401.258362
000096 0.999995 176.186722 149.518555 333.977905 415.389771
000145 0.071784 134.516266 113.564102 294.636688 465.507446
000145 0.008763 419.512451 261.100647 504.950806 425.174805
000031 0.087945 427.539246 267.627045 488.095032 398.921539
000031 0.007124 121.757210 158.296967 242.353455 295.277985
000167 0.999821 180.734802 112.405594 430.695374 432.970215
000139 0.007387 340.813507 123.373505 472.543671 455.369598
000126 0.017185 31.740051 171.154160 209.749405 477.941589
000126 0.007693 411.244598 263.368744 467.161774 423.603668
000024 0.040970 197.287186 147.210510 307.193665 306.394043
000154 0.999960 84.388168 121.736977 268.419739 364.903656
000007 0.999954 222.825745 54.759338 531.111572 403.817871
000041 0.005727 230.606293 329.344849 319.926605 414.301270
000057 0.023837 300.366364 319.605865 374.668427 412.844757
000001 0.999960 119.315018 110.314011 387.382446 480.000000
000127 0.131095 83.329521 178.887497 240.452667 471.355347
000112 0.008351 415.867401 269.285095 471.925385 416.783813
000128 0.994214 81.810104 128.707153 332.448059 472.356323
000152 0.999958 49.529419 162.748108 250.530304 408.095825
000149 0.999948 53.597260 174.700134 232.827942 419.186035
000019 0.007661 255.038147 302.547119 341.020325 410.452637
000164 0.999789 14.172379 124.646439 236.510696 419.932983
000005 0.997534 125.194672 44.842865 408.109955 417.895355
000124 0.079516 92.534485 169.678818 231.280884 480.000000
000124 0.015916 412.792053 261.101562 465.566040 429.380737
000123 0.134603 100.700897 170.974960 254.568512 480.000000
000123 0.028310 400.070007 241.175354 481.342346 421.420959
000205 0.629058 151.887451 99.897507 349.865814 426.630371
000159 0.999982 62.589340 137.419891 263.545837 392.469757
000042 0.005191 113.587738 192.506744 255.463226 340.588409
000036 0.048545 366.244110 188.558319 518.454224 389.562469
000147 0.999974 61.975098 183.546051 239.773315 423.756805
000032 0.038486 431.165863 266.124054 490.222870 399.612213
000032 0.006459 140.509827 156.057953 262.683990 310.398865
000097 0.999989 158.047089 152.551468 317.363403 426.658508
000047 0.008483 132.332901 73.155243 449.961121 480.000000
000165 0.999908 28.284119 124.142456 234.983185 414.375000
000012 0.999983 149.060654 206.873108 271.274597 386.700134
000071 0.036626 291.533661 313.439301 380.676788 419.328156
000153 0.999854 80.698853 122.981888 252.805298 340.395264
000166 0.999816 200.239563 124.969086 392.857361 428.091339
000202 0.559531 59.834000 20.524078 432.826416 343.918915
000202 0.010775 218.030014 12.737640 380.707397 303.788025
000129 0.029319 107.725723 181.344421 284.886963 480.000000
000107 0.005796 206.547394 1.000000 287.925812 82.758469
000003 0.994234 148.684265 40.196487 409.696655 416.500366
000180 0.991367 69.230484 91.993134 367.664917 480.000000
000094 0.999658 245.860123 134.957367 377.965332 370.671814
000206 0.840686 198.388580 104.359451 304.723602 422.890930
001358 0.035212 263.902802 130.650436 382.471649 423.090210
000029 0.853847 91.915115 96.098984 179.390884 286.708984
000029 0.005664 433.846375 271.528442 487.308960 391.070618
000040 0.005514 415.010803 298.830200 468.531555 416.843750
000026 0.005768 265.137604 323.870117 321.665009 423.989868
000026 0.040105 157.145477 145.071533 260.558197 313.638489
000136 0.052700 208.886337 1.000000 288.375061 83.393417
000025 0.278990 181.277710 141.748764 299.052002 313.343018
000027 0.053949 427.831116 263.083130 489.694519 402.862976
000020 0.005171 258.177979 313.466187 332.875977 405.424500
000269 0.998929 262.687927 77.631714 458.025757 378.941162
000093 0.999654 200.184143 133.657181 349.812561 390.590515
000093 0.005712 291.263977 327.686401 387.057678 416.449829
000169 0.999500 186.057220 111.157166 435.081512 407.187012
000002 0.005782 203.877365 1.000000 287.176544 82.296143
000385 0.011881 205.933594 1.000000 293.014282 74.551392
000385 0.404076 85.630852 113.810867 230.755310 401.379395
000148 0.999953 53.657074 179.346985 230.896545 418.136658
000143 0.006544 182.920105 69.580887 353.334778 448.241638
000143 0.006017 412.759613 291.416260 497.237701 433.254822
000054 0.098942 320.257263 323.366333 408.122253 403.609863
000021 0.015946 239.013672 322.580902 323.860962 410.612823
000171 0.999865 198.301910 88.266815 461.206635 420.046021
000276 0.993715 141.716263 78.584839 325.507935 384.472961
000177 0.816544 242.761353 45.663940 426.461182 406.424500
001088 0.993272 1.000000 89.083527 235.876709 429.274017
000118 0.010324 414.008636 245.007019 506.384003 434.251038
000118 0.028872 122.275940 197.172470 290.739258 480.000000
000010 0.042496 426.928558 240.541016 492.081635 386.487488
000010 0.999996 166.884476 175.165619 312.049988 404.785492
000217 0.999655 355.331512 60.097290 567.497803 383.398682
000150 0.999970 53.432426 175.185379 235.261475 419.796936
000030 0.201534 88.596558 116.006630 156.845352 293.734772
000030 0.115141 425.852936 276.915314 488.827667 391.408966
000011 0.999992 171.979691 202.139557 299.567078 379.899933
000155 0.999966 110.951797 151.058548 272.956665 411.593689
000004 0.999896 47.234596 8.508698 279.881012 402.947235
000151 0.999990 51.180359 167.654114 234.299988 417.709106
000091 0.831053 191.548126 79.736183 386.050446 334.895721
000091 0.016533 223.072418 138.043335 381.166412 267.925049
001070 0.832434 87.824142 75.079681 247.701492 355.045807
000142 0.008428 433.413239 267.777344 479.275848 420.037292
000015 0.100338 399.949768 257.879822 476.652161 397.855591
000015 0.996571 227.903870 206.523315 356.652466 407.987061
000161 0.999923 34.714951 118.492599 248.292252 403.913635
000058 0.024586 305.558350 310.218109 382.163391 414.167145
000173 0.998973 215.849487 84.502701 415.776428 422.807068
000172 0.999620 14.535522 110.921707 285.633942 472.998657
000156 0.990858 26.157959 97.595871 303.510956 480.000000
000006 0.999960 234.080017 40.971115 497.259521 433.902893
000178 0.984932 191.629303 33.706314 495.233734 361.155701
001465 0.349071 255.026855 109.950485 367.038452 357.120361
000035 0.015557 360.769196 220.207764 481.625580 392.201843
001424 0.076753 49.500870 139.984558 207.229996 401.787292
000125 0.010069 60.635651 155.403427 217.515259 480.000000
000125 0.011823 412.022430 260.216888 466.931000 427.849030
000175 0.999982 202.321457 76.899536 471.882019 423.316528
000056 0.017864 306.022827 312.515564 382.571472 412.635559
000144 0.007299 148.637909 82.816788 340.405212 439.686279
000033 0.135156 437.508392 260.739441 486.137604 401.597290
000098 0.997075 256.554565 110.745407 382.791260 351.776245
000146 0.024267 115.203598 98.969528 276.352173 479.911743
000087 0.014753 315.177582 327.261047 368.211700 419.950623
000028 0.038277 433.819763 270.070129 486.159851 394.005859
000028 0.010849 125.614014 125.218010 258.795959 325.515594
000157 0.999544 62.315704 189.287048 274.114227 479.572632
000022 0.005357 235.983200 329.318542 325.552185 409.646790
000163 0.999863 10.254700 130.788223 262.829834 430.452942
000882 0.047502 64.818222 157.324081 208.614822 353.185242
000179 0.999274 241.414368 34.443726 497.042786 341.347900
000168 0.999939 179.412659 103.189926 434.033081 404.016113
000100 0.009644 120.032173 188.071091 269.785065 409.433350
000100 0.007578 206.281815 1.000000 288.874329 95.175995
000016 0.875822 280.494019 214.079102 417.057251 410.010071
000016 0.009976 411.498871 238.200653 475.032867 423.551849
000135 0.031196 207.516632 1.000000 287.518280 82.273270
000014 0.109679 401.467957 271.846832 457.405273 380.534637
000014 0.999763 155.821274 207.401611 279.248749 394.633301
000199 0.999863 279.004547 61.229538 504.697784 398.387878
000095 0.908204 251.694824 135.448944 385.857971 394.477020
000121 0.007467 413.355377 247.611755 507.492584 428.482849
000099 0.977956 287.891907 106.641861 458.450745 345.034912
000037 0.006063 362.669098 156.221573 518.605225 357.978821
001410 0.005212 226.788452 108.565857 353.146301 408.279785
000013 0.046767 386.322235 249.302124 438.091461 382.405273
000013 0.999901 97.704826 209.168381 203.115051 390.810120
000092 0.991727 154.704315 115.936813 357.639954 373.560242
000137 0.008786 332.550537 158.063385 491.628906 480.000000
000208 0.052039 180.939453 29.440819 366.887024 279.427551
000009 0.999994 160.193512 139.254333 330.635529 425.454651
000174 0.999957 229.684479 76.173035 418.113617 395.816254
000160 0.014946 192.539886 150.545013 323.373566 403.334076
000160 0.014899 204.873856 1.000000 289.471924 82.294701
001206 0.025965 290.900360 96.812469 416.585114 367.791321
001127 0.045062 114.319305 8.691803 371.728607 372.446106
001127 0.843376 181.861755 112.747391 410.039124 427.893860
000008 0.998711 215.167999 84.148666 500.323090 480.000000
000158 0.999854 19.556915 159.597000 270.011139 430.644165
000053 0.036793 350.065399 315.742767 407.167267 432.561310
000181 0.998980 294.094116 62.750931 483.144165 355.123535
000377 0.009047 205.180435 1.000000 290.824646 74.355896
000377 0.393195 77.818413 72.177826 241.473114 392.622620
000000 0.999987 118.127052 109.129913 354.216919 477.568024
000170 0.999957 198.941803 90.036438 456.544220 410.093994
000262 0.999580 314.937408 115.675552 510.444000 410.922058
000045 0.010256 267.591125 317.640778 347.194153 421.592987
000176 0.997242 229.028900 62.068802 429.790497 401.258362
000096 0.999995 176.186722 149.518555 333.977905 415.389771
000145 0.071784 134.516266 113.564102 294.636688 465.507446
000145 0.008763 419.512451 261.100647 504.950806 425.174805
000031 0.087945 427.539246 267.627045 488.095032 398.921539
000031 0.007124 121.757210 158.296967 242.353455 295.277985
000167 0.999821 180.734802 112.405594 430.695374 432.970215
001225 0.064304 317.552917 168.648895 381.239929 356.200043
001225 0.015084 296.612976 125.261848 411.798706 364.819458
000139 0.007387 340.813507 123.373505 472.543671 455.369598
001444 0.128897 232.938812 158.985489 366.878326 430.174255
001444 0.017499 102.956833 161.278427 393.343811 440.630188
000126 0.017185 31.740051 171.154160 209.749405 477.941589
000126 0.007693 411.244598 263.368744 467.161774 423.603668
000024 0.040970 197.287186 147.210510 307.193665 306.394043
000245 0.676204 236.123001 163.217468 419.893250 453.423828
000154 0.999960 84.388168 121.736977 268.419739 364.903656
000007 0.999954 222.825745 54.759338 531.111572 403.817871
000041 0.005727 230.606293 329.344849 319.926605 414.301270
000944 0.005433 9.399315 156.866180 182.363251 350.253937
000057 0.023837 300.366364 319.605865 374.668427 412.844757
000001 0.999960 119.315018 110.314011 387.382446 480.000000
000127 0.131095 83.329521 178.887497 240.452667 471.355347
000112 0.008351 415.867401 269.285095 471.925385 416.783813
000128 0.994214 81.810104 128.707153 332.448059 472.356323
000152 0.999958 49.529419 162.748108 250.530304 408.095825
000149 0.999948 53.597260 174.700134 232.827942 419.186035
000019 0.007661 255.038147 302.547119 341.020325 410.452637
000164 0.999789 14.172379 124.646439 236.510696 419.932983
000005 0.997534 125.194672 44.842865 408.109955 417.895355
000124 0.079516 92.534485 169.678818 231.280884 480.000000
000124 0.015916 412.792053 261.101562 465.566040 429.380737
000123 0.134603 100.700897 170.974960 254.568512 480.000000
000123 0.028310 400.070007 241.175354 481.342346 421.420959
000205 0.629058 151.887451 99.897507 349.865814 426.630371
000159 0.999982 62.589340 137.419891 263.545837 392.469757
000042 0.005191 113.587738 192.506744 255.463226 340.588409
000036 0.048545 366.244110 188.558319 518.454224 389.562469
000147 0.999974 61.975098 183.546051 239.773315 423.756805
001184 0.085064 243.038391 61.786423 382.905151 383.321777
000032 0.038486 431.165863 266.124054 490.222870 399.612213
000032 0.006459 140.509827 156.057953 262.683990 310.398865
000097 0.999989 158.047089 152.551468 317.363403 426.658508
000047 0.008483 132.332901 73.155243 449.961121 480.000000
001143 0.718588 219.486176 139.697845 424.759613 385.108368
001731 0.084552 291.117432 218.290939 455.405334 480.000000
001731 0.008874 183.048447 244.699219 351.943298 480.000000
001731 0.007274 196.251694 139.972748 490.133789 480.000000
001731 0.006485 117.825523 300.792664 248.756744 455.653748
000165 0.999908 28.284119 124.142456 234.983185 414.375000
