000086 0.010079 207.060745 46.169525 371.713379 216.968811
000202 0.006173 59.834000 20.524078 432.826416 343.918915
000204 0.999969 109.665466 115.308517 431.207397 403.347778
000003 0.854029 139.900986 1.000000 438.340271 477.075806
000114 0.013275 419.551880 252.891800 469.960449 432.101746
000180 0.167461 94.048897 83.386902 326.907654 429.907318
000043 0.999978 121.879837 142.841797 269.067688 360.904053
000094 0.005587 257.166565 142.996201 385.773865 360.556091
000206 0.495632 198.094849 90.435928 304.669861 411.739502
000203 0.999986 83.445465 116.115250 396.659882 389.946045
000201 0.999995 52.233566 95.420853 375.582703 383.985779
000029 0.006249 91.915115 96.098984 179.390884 286.708984
000040 0.008970 415.010803 298.830200 468.531555 416.843750
000040 0.999992 167.073074 166.987640 298.370850 340.680664
000026 0.999235 160.137482 125.624237 259.000275 322.281067
000136 0.008111 208.886337 1.000000 288.375061 83.393417
000025 0.999650 185.476685 112.189842 293.855957 331.434692
000027 0.999977 144.338440 144.157166 262.670746 317.291321
000109 0.007613 425.985840 250.513657 465.098083 406.757874
000020 0.999956 151.264709 175.448288 289.521545 359.694824
000002 0.036253 177.701492 197.140930 342.449158 400.633606
000054 0.999644 166.745514 31.492218 418.820587 295.108856
000021 0.999975 123.121902 188.032532 250.043137 374.516296
000177 0.909373 221.316116 33.935699 418.970886 389.052521
000118 0.009393 421.082367 246.428223 471.286835 442.917053
000119 0.013828 428.713318 264.083862 481.856262 424.370972
000030 0.083412 76.587860 97.290726 172.122681 313.165588
000004 0.040923 453.433014 240.704086 499.257172 443.253967
000004 0.007660 49.562965 1.000000 273.570404 402.996765
000091 0.891643 204.422516 95.160263 405.262726 317.542969
000142 0.009494 433.413239 267.777344 479.275848 420.037292
000015 0.028391 235.459122 192.840790 347.991608 384.817719
000017 0.999901 206.718597 166.057556 380.036163 359.330994
000172 0.023756 15.586426 46.496872 241.920380 480.000000
000156 0.404124 32.999832 93.420868 279.592041 419.799133
000006 0.008187 244.823456 50.411163 460.194733 396.372681
000178 0.731205 203.136047 39.944855 504.135681 340.628693
000035 0.999119 349.793457 225.199936 491.937988 396.898865
000125 0.006781 65.001205 151.745331 190.193649 480.000000
000125 0.043801 412.022430 260.216888 466.931000 427.849030
000122 0.021490 417.452972 262.313110 470.957550 424.163696
000068 0.999895 100.336533 80.023468 382.440674 428.642822
000056 0.999985 110.404907 30.565689 329.055847 306.074585
000055 0.999955 132.417374 34.157761 362.684570 295.221313
000144 0.009067 428.996155 260.765656 478.673706 432.129120
000033 0.999422 185.524124 166.824982 320.154480 375.920319
000098 0.311543 248.989731 109.064392 399.056763 339.212311
000146 0.006405 422.731018 242.811234 466.705261 448.767700
000028 0.999957 132.479172 126.927696 264.965454 307.012787
000157 0.020614 62.906403 193.279099 254.466675 447.663513
000051 0.999773 294.639221 57.340317 544.135803 332.097839
000022 0.999949 123.405136 188.791199 255.573257 377.731567
000163 0.011838 6.301186 145.440002 251.033264 417.176941
000179 0.006642 254.561646 28.408737 450.892578 347.867737
000120 0.010321 429.204620 260.444916 480.047516 427.121490
000100 0.050651 131.981888 177.080444 257.289093 399.040771
000052 0.999913 303.059509 29.974976 540.484802 300.821960
000048 0.999987 249.462494 123.487282 462.871490 361.920380
000131 0.008642 431.647919 264.553833 483.424286 425.447327
000014 0.054015 159.939163 199.104980 279.636353 378.584595
000116 0.005006 420.524231 295.769836 489.233276 418.747253
000199 0.006910 277.231293 87.336227 491.355316 360.193176
000111 0.024820 420.589630 253.503510 469.692474 408.378326
000095 0.204683 251.433029 128.528931 396.171143 382.297943
000121 0.011598 423.662018 230.135468 467.273651 432.676361
000099 0.076544 283.560486 96.750504 455.404114 289.105469
000037 0.999920 357.015076 127.224258 520.960754 349.714844
000023 0.999993 164.842773 154.282211 302.637726 340.816101
000113 0.018195 417.352020 260.140747 471.639679 424.662903
000046 0.999982 153.085800 106.772209 370.746460 348.821320
000013 0.011461 92.653885 204.688492 212.933365 370.269287
000092 0.326831 156.300720 127.650604 368.308594 364.739777
000106 0.018223 422.918579 250.977127 465.583374 406.707458
000208 0.054547 204.970230 112.217010 348.235962 344.471466
000160 0.033166 184.197525 162.949829 312.056030 420.283508
000049 0.999988 273.487457 139.485870 477.489471 359.839386
000038 0.999999 218.806549 104.200592 396.660492 290.818115
000210 0.999933 130.783997 122.517487 341.783905 342.424103
000050 0.999997 284.127258 95.189400 499.229065 330.447266
000008 0.388684 140.350723 74.116638 499.792847 480.000000
000039 0.999998 190.081467 145.895340 351.491150 312.951965
000053 0.006805 346.027893 351.405273 411.912903 403.312561
000053 0.999656 256.440369 37.221710 499.185852 295.518402
000181 0.010444 276.912872 75.875000 489.858551 342.965851
000084 0.006266 334.483643 77.973320 501.807800 246.249268
000132 0.999297 129.798706 120.277176 374.020874 453.150940
000045 0.999993 109.941406 105.930756 289.197235 350.474609
000176 0.091614 236.958328 71.539886 402.279785 374.153625
000145 0.013879 422.188354 239.308533 470.375610 449.312378
000031 0.999813 127.789154 125.356903 242.507996 320.726410
000237 0.015404 295.723389 97.158714 474.691406 330.489532
000167 0.066871 191.347656 140.973679 385.852051 414.678345
000018 0.999993 189.382889 149.529053 359.301331 359.228882
000126 0.007725 31.740051 171.154160 209.749405 477.941589
000126 0.037249 411.244598 263.368744 467.161774 423.603668
000024 0.999838 199.527313 117.951241 306.478912 324.852722
000154 0.005153 88.120255 106.715439 261.492004 343.177368
000102 0.999972 121.085815 110.752579 360.986328 454.915833
000207 0.999979 164.946884 120.054955 343.153015 371.154083
000209 0.999960 127.890732 120.474426 336.562622 346.024384
000007 0.088349 236.833084 52.983139 468.664612 389.491882
000041 0.999995 142.545120 185.462006 267.752594 354.714508
000057 0.010628 269.786774 130.489853 457.903290 241.267380
000001 0.106561 452.251343 247.225143 503.100586 437.255310
000103 0.026979 421.045258 248.423431 461.954987 405.997406
000127 0.005680 68.472717 185.765060 234.991364 461.763367
000088 0.005064 460.362732 279.723511 512.199890 436.344360
000112 0.019188 415.867401 269.285095 471.925385 416.783813
000128 0.157818 82.480858 107.705780 328.127686 468.939545
000034 0.999730 301.135162 188.873825 462.032074 397.529175
000044 0.999992 106.417229 123.952721 267.452301 352.032715
000149 0.005004 30.355644 176.040695 227.552582 423.010620
000019 0.999938 179.265045 167.188217 328.944336 362.246460
000005 0.067645 456.161499 242.165161 498.746521 439.044373
000005 0.389923 146.905457 1.000000 431.368164 476.188995
000124 0.005594 63.808708 196.759018 241.166931 454.856323
000124 0.045333 412.792053 261.101562 465.566040 429.380737
000123 0.007770 410.246735 256.667511 469.839874 427.923309
000205 0.956352 155.347107 66.629471 360.612915 440.117493
000042 0.999954 116.793251 170.773453 254.055481 366.046021
000036 0.996212 367.649719 164.203796 517.944580 366.112427
000032 0.999924 133.624146 142.468994 268.484955 324.768982
000200 0.999991 67.518982 92.042755 368.211914 391.778168
000047 0.999907 83.319443 37.636703 459.016724 480.000000
000105 0.006643 426.832611 247.836060 483.788544 436.047363
000086 0.010079 207.060745 46.169525 371.713379 216.968811
000972 0.425541 221.641388 94.757256 331.574799 309.675293
000202 0.006173 59.834000 20.524078 432.826416 343.918915
000204 0.999969 109.665466 115.308517 431.207397 403.347778
000003 0.854029 139.900986 1.000000 438.340271 477.075806
000114 0.013275 419.551880 252.891800 469.960449 432.101746
000180 0.167461 94.048897 83.386902 326.907654 429.907318
000043 0.999978 121.879837 142.841797 269.067688 360.904053
000094 0.005587 257.166565 142.996201 385.773865 360.556091
000206 0.495632 198.094849 90.435928 304.669861 411.739502
000203 0.999986 83.445465 116.115250 396.659882 389.946045
000201 0.999995 52.233566 95.420853 375.582703 383.985779
000029 0.006249 91.915115 96.098984 179.390884 286.708984
000040 0.008970 415.010803 298.830200 468.531555 416.843750
000040 0.999992 167.073074 166.987640 298.370850 340.680664
000026 0.999235 160.137482 125.624237 259.000275 322.281067
000136 0.008111 208.886337 1.000000 288.375061 83.393417
000648 0.998131 96.583397 171.995514 217.036743 411.630707
000025 0.999650 185.476685 112.189842 293.855957 331.434692
000027 0.999977 144.338440 144.157166 262.670746 317.291321
000109 0.007613 425.985840 250.513657 465.098083 406.757874
000020 0.999956 151.264709 175.448288 289.521545 359.694824
000269 0.015194 252.730988 82.112076 451.462982 362.266052
000002 0.036253 177.701492 197.140930 342.449158 400.633606
000385 0.998506 90.100777 94.412918 242.662201 384.676086
000054 0.999644 166.745514 31.492218 418.820587 295.108856
000021 0.999975 123.121902 188.032532 250.043137 374.516296
000276 0.242985 135.644012 76.750946 327.037567 370.200104
000177 0.909373 221.316116 33.935699 418.970886 389.052521
001088 0.244305 159.809555 218.132874 212.901932 341.860779
001088 0.151673 12.324219 46.556595 246.803406 455.740906
000118 0.009393 421.082367 246.428223 471.286835 442.917053
000119 0.013828 428.713318 264.083862 481.856262 424.370972
000030 0.083412 76.587860 97.290726 172.122681 313.165588
000004 0.040923 453.433014 240.704086 499.257172 443.253967
000004 0.007660 49.562965 1.000000 273.570404 402.996765
000091 0.891643 204.422516 95.160263 405.262726 317.542969
001070 0.416991 49.735718 91.353958 249.612823 369.085938
000142 0.009494 433.413239 267.777344 479.275848 420.037292
000015 0.028391 235.459122 192.840790 347.991608 384.817719
000017 0.999901 206.718597 166.057556 380.036163 359.330994
000172 0.023756 15.586426 46.496872 241.920380 480.000000
000156 0.404124 32.999832 93.420868 279.592041 419.799133
000006 0.008187 244.823456 50.411163 460.194733 396.372681
000178 0.731205 203.136047 39.944855 504.135681 340.628693
001465 0.112123 258.808105 102.378647 358.270996 344.701416
000035 0.999119 349.793457 225.199936 491.937988 396.898865
000125 0.006781 65.001205 151.745331 190.193649 480.000000
000125 0.043801 412.022430 260.216888 466.931000 427.849030
000122 0.021490 417.452972 262.313110 470.957550 424.163696
000068 0.999895 100.336533 80.023468 382.440674 428.642822
000056 0.999985 110.404907 30.565689 329.055847 306.074585
000055 0.999955 132.417374 34.157761 362.684570 295.221313
000561 0.999979 51.546867 174.127686 231.129395 428.735657
000144 0.009067 428.996155 260.765656 478.673706 432.129120
000033 0.999422 185.524124 166.824982 320.154480 375.920319
000098 0.311543 248.989731 109.064392 399.056763 339.212311
000707 0.999930 171.317749 157.532150 368.193970 409.909058
000146 0.006405 422.731018 242.811234 466.705261 448.767700
000028 0.999957 132.479172 126.927696 264.965454 307.012787
000157 0.020614 62.906403 193.279099 254.466675 447.663513
000051 0.999773 294.639221 57.340317 544.135803 332.097839
000022 0.999949 123.405136 188.791199 255.573257 377.731567
000163 0.011838 6.301186 145.440002 251.033264 417.176941
000179 0.006642 254.561646 28.408737 450.892578 347.867737
000120 0.010321 429.204620 260.444916 480.047516 427.121490
000100 0.050651 131.981888 177.080444 257.289093 399.040771
000052 0.999913 303.059509 29.974976 540.484802 300.821960
000048 0.999987 249.462494 123.487282 462.871490 361.920380
000131 0.008642 431.647919 264.553833 483.424286 425.447327
000014 0.054015 159.939163 199.104980 279.636353 378.584595
000738 0.999909 228.925446 156.946259 397.789093 433.011688
000116 0.005006 420.524231 295.769836 489.233276 418.747253
000199 0.006910 277.231293 87.336227 491.355316 360.193176
000111 0.024820 420.589630 253.503510 469.692474 408.378326
000095 0.204683 251.433029 128.528931 396.171143 382.297943
000121 0.011598 423.662018 230.135468 467.273651 432.676361
000099 0.076544 283.560486 96.750504 455.404114 289.105469
000037 0.999920 357.015076 127.224258 520.960754 349.714844
000989 0.426640 248.648148 127.158485 368.427032 348.053925
000989 0.081322 283.989624 160.620880 348.983765 325.111053
000023 0.999993 164.842773 154.282211 302.637726 340.816101
000113 0.018195 417.352020 260.140747 471.639679 424.662903
000046 0.999982 153.085800 106.772209 370.746460 348.821320
000013 0.011461 92.653885 204.688492 212.933365 370.269287
000092 0.326831 156.300720 127.650604 368.308594 364.739777
000106 0.018223 422.918579 250.977127 465.583374 406.707458
000208 0.054547 204.970230 112.217010 348.235962 344.471466
000160 0.033166 184.197525 162.949829 312.056030 420.283508
001206 0.993117 285.045013 105.626511 402.056061 362.235535
000049 0.999988 273.487457 139.485870 477.489471 359.839386
001127 0.664190 85.756210 16.936127 412.966797 409.233124
001127 0.010576 203.486450 134.001892 389.347900 417.864136
000038 0.999999 218.806549 104.200592 396.660492 290.818115
000210 0.999933 130.783997 122.517487 341.783905 342.424103
000050 0.999997 284.127258 95.189400 499.229065 330.447266
000008 0.388684 140.350723 74.116638 499.792847 480.000000
000039 0.999998 190.081467 145.895340 351.491150 312.951965
000053 0.006805 346.027893 351.405273 411.912903 403.312561
000053 0.999656 256.440369 37.221710 499.185852 295.518402
000181 0.010444 276.912872 75.875000 489.858551 342.965851
000377 0.996511 92.879616 76.267792 244.175873 388.025635
000084 0.006266 334.483643 77.973320 501.807800 246.249268
000262 0.012537 323.011566 111.049728 501.453644 399.759827
000132 0.999297 129.798706 120.277176 374.020874 453.150940
000512 0.999986 107.637093 133.618790 297.447144 399.690186
000045 0.999993 109.941406 105.930756 289.197235 350.474609
000176 0.091614 236.958328 71.539886 402.279785 374.153625
000145 0.013879 422.188354 239.308533 470.375610 449.312378
000031 0.999813 127.789154 125.356903 242.507996 320.726410
000237 0.015404 295.723389 97.158714 474.691406 330.489532
000167 0.066871 191.347656 140.973679 385.852051 414.678345
000018 0.999993 189.382889 149.529053 359.301331 359.228882
001225 0.205414 317.552917 168.648895 381.239929 356.200043
001225 0.979381 268.168732 96.333023 399.290741 401.103027
001444 0.009108 241.362091 161.702545 353.420013 410.789520
001444 0.139158 136.181076 158.756622 399.187317 437.535858
000126 0.007725 31.740051 171.154160 209.749405 477.941589
000126 0.037249 411.244598 263.368744 467.161774 423.603668
000024 0.999838 199.527313 117.951241 306.478912 324.852722
000245 0.962191 200.615631 149.518005 433.979889 474.171326
000154 0.005153 88.120255 106.715439 261.492004 343.177368
000102 0.999972 121.085815 110.752579 360.986328 454.915833
000207 0.999979 164.946884 120.054955 343.153015 371.154083
000592 0.999985 50.368263 170.582657 234.204346 428.931274
000209 0.999960 127.890732 120.474426 336.562622 346.024384
000007 0.088349 236.833084 52.983139 468.664612 389.491882
000041 0.999995 142.545120 185.462006 267.752594 354.714508
000944 0.045135 19.210617 169.783203 187.006485 354.221558
000057 0.010628 269.786774 130.489853 457.903290 241.267380
000001 0.106561 452.251343 247.225143 503.100586 437.255310
000103 0.026979 421.045258 248.423431 461.954987 405.997406
000127 0.005680 68.472717 185.765060 234.991364 461.763367
000088 0.005064 460.362732 279.723511 512.199890 436.344360
000112 0.019188 415.867401 269.285095 471.925385 416.783813
000128 0.157818 82.480858 107.705780 328.127686 468.939545
000034 0.999730 301.135162 188.873825 462.032074 397.529175
000044 0.999992 106.417229 123.952721 267.452301 352.032715
000149 0.005004 30.355644 176.040695 227.552582 423.010620
000019 0.999938 179.265045 167.188217 328.944336 362.246460
000005 0.067645 456.161499 242.165161 498.746521 439.044373
000005 0.389923 146.905457 1.000000 431.368164 476.188995
000124 0.005594 63.808708 196.759018 241.166931 454.856323
000124 0.045333 412.792053 261.101562 465.566040 429.380737
000123 0.007770 410.246735 256.667511 469.839874 427.923309
000205 0.956352 155.347107 66.629471 360.612915 440.117493
000042 0.999954 116.793251 170.773453 254.055481 366.046021
000036 0.996212 367.649719 164.203796 517.944580 366.112427
001184 0.977179 241.103104 80.775055 383.856018 378.467957
000032 0.999924 133.624146 142.468994 268.484955 324.768982
000776 0.999206 123.204796 63.856262 305.603485 358.734802
000200 0.999991 67.518982 92.042755 368.211914 391.778168
000047 0.999907 83.319443 37.636703 459.016724 480.000000
001143 0.847010 232.767975 105.262665 395.033051 401.430481
000105 0.006643 426.832611 247.836060 483.788544 436.047363
