000012 0.528332 237.481781 323.629486 287.703156 427.607635
000071 0.010816 453.030518 271.636749 501.097656 447.376312
000071 0.044014 291.533661 313.439301 380.676788 419.328156
000086 0.012722 457.504700 290.562592 517.776794 426.314850
000086 0.040392 309.119843 310.530640 377.153168 436.297913
000231 0.999952 213.578278 188.790710 327.542206 384.120667
000229 0.999997 208.039993 210.280914 330.266785 410.838043
000085 0.034184 456.474487 277.338287 520.873962 441.540131
000114 0.041494 419.551880 252.891800 469.960449 432.101746
000114 0.999977 254.398315 232.970184 401.043091 446.024994
000043 0.005676 262.072296 330.726807 329.674164 443.616699
000206 0.031833 208.832809 120.867310 307.315918 408.294800
000078 0.006821 290.503296 263.617279 483.459839 377.521332
000077 0.015751 453.339447 265.804199 498.257111 449.268127
000029 0.035684 271.111176 321.589417 319.975983 396.377869
000040 0.192289 415.010803 298.830200 468.531555 416.843750
000130 0.051809 146.364166 154.685165 299.772552 480.000000
000130 0.046807 423.753174 273.209320 488.734436 437.676056
000026 0.256257 265.137604 323.870117 321.665009 423.989868
000136 0.009000 208.886337 1.000000 288.375061 83.393417
000134 0.394175 261.700317 169.072662 401.661621 440.766632
000134 0.032589 428.641418 271.365906 485.091309 442.670776
000027 0.011943 427.831116 263.083130 489.694519 402.862976
000027 0.029421 425.901520 304.394104 462.883270 441.203186
000104 0.999938 258.103455 239.939087 419.552063 456.965881
000109 0.059631 425.985840 250.513657 465.098083 406.757874
000109 0.999152 170.744186 236.822617 304.505859 454.942749
000020 0.958149 267.098846 310.233643 322.595551 433.769714
000020 0.005089 251.456726 357.009521 338.117371 393.418701
000214 0.023714 224.971390 169.975616 335.133270 408.216888
000225 0.999964 215.529999 177.903412 332.006561 366.706573
000230 0.999949 218.494415 197.770081 332.101898 386.585815
000141 0.146703 272.012604 109.035950 411.341644 388.668365
000141 0.052713 430.340942 264.390839 482.522583 422.530914
000143 0.019588 190.284912 93.547852 358.353394 413.487885
000143 0.040365 423.295624 239.882278 470.027863 452.949951
000143 0.043841 412.759613 291.416260 497.237701 433.254822
000140 0.023415 302.135498 93.131302 446.031738 423.699463
000140 0.042116 426.387268 275.155518 485.307251 436.402832
000054 0.395508 333.185181 315.145081 388.071167 431.012024
000054 0.006281 323.293915 356.302277 396.940643 394.703522
000083 0.005475 465.506226 273.330811 514.440430 438.521118
000063 0.008750 446.060669 286.917816 499.429626 431.318573
000021 0.991798 251.837463 319.366608 311.482117 432.280365
000021 0.035799 238.575897 350.227722 324.770966 400.809753
000224 0.999976 209.470688 180.052399 328.910461 365.083344
000115 0.011731 423.936096 278.806702 485.243164 431.337280
000115 0.999955 274.246887 224.246857 414.677429 445.208954
000118 0.096114 421.082367 246.428223 471.286835 442.917053
000118 0.015910 407.412872 298.253510 500.190521 421.200775
000119 0.077978 183.432770 155.039810 317.009430 458.067017
000119 0.177847 428.713318 264.083862 481.856262 424.370972
000010 0.019298 426.928558 240.541016 492.081635 386.487488
000030 0.006712 425.852936 276.915314 488.827667 391.408966
000030 0.010354 254.659302 321.185822 309.524231 424.693573
000011 0.186972 255.549423 328.521820 307.646240 415.290741
000004 0.024375 453.433014 240.704086 499.257172 443.253967
000091 0.037285 465.589539 279.230042 516.895020 441.411255
000142 0.034368 240.360260 96.352692 373.958832 420.549469
000142 0.148139 433.413239 267.777344 479.275848 420.037292
000015 0.009029 399.949768 257.879822 476.652161 397.855591
000233 0.999976 216.144562 188.849579 328.673981 374.053986
000058 0.021104 305.558350 310.218109 382.163391 414.167145
000212 0.034491 214.424759 173.820740 299.732758 401.537720
000222 0.017948 210.688873 157.478088 307.178802 349.948975
000125 0.092085 412.022430 260.216888 466.931000 427.849030
000122 0.202085 417.452972 262.313110 470.957550 424.163696
000235 0.999910 226.887024 188.602524 334.751404 369.433899
000056 0.168909 311.589264 321.498962 371.305634 424.330750
000056 0.006205 308.159210 355.222137 376.881439 396.281464
000055 0.005837 322.627289 305.973267 387.747894 439.863586
000232 0.999973 213.089676 187.958405 325.906219 380.506805
000216 0.417726 243.023376 158.884659 336.939819 376.175903
000144 0.013699 148.637909 82.816788 340.405212 439.686279
000144 0.128616 417.357025 273.639709 474.332794 438.229736
000033 0.013544 437.508392 260.739441 486.137604 401.597290
000076 0.027672 443.827637 271.820923 498.869873 446.150879
000146 0.012220 93.947136 93.536133 285.194611 440.492554
000146 0.217703 417.124420 279.764374 474.174042 432.282806
000146 0.027968 237.179306 328.980530 286.771545 448.700195
000087 0.011629 441.768066 260.856628 511.992432 454.892944
000087 0.209416 315.177582 327.261047 368.211700 419.950623
000087 0.022829 308.838287 357.644012 375.483429 395.532806
000028 0.013923 433.819763 270.070129 486.159851 394.005859
000028 0.132954 256.762024 322.124878 331.239563 422.932007
000238 0.999171 231.347473 183.974091 330.679871 365.274384
000066 0.012170 446.625305 274.835022 492.679749 438.107056
000022 0.951144 251.624557 314.022858 309.605164 440.517365
000022 0.011566 421.529419 311.104645 465.963257 439.862152
000022 0.032496 240.707916 350.721252 322.054108 403.491211
000064 0.009115 439.921692 263.115387 482.690735 450.286774
000120 0.038717 151.627579 161.521759 296.354858 464.260345
000120 0.088297 429.204620 260.444916 480.047516 427.121490
000016 0.044541 284.848938 235.330688 410.618774 387.061157
000218 0.999754 229.728348 161.964111 353.509216 365.089111
000048 0.013823 460.950653 274.324158 515.331848 444.141907
000131 0.081845 181.483795 164.435318 330.696625 480.000000
000131 0.289827 431.647919 264.553833 483.424286 425.447327
000065 0.063520 438.793030 260.181213 484.097595 453.630432
000014 0.020437 401.467957 271.846832 457.405273 380.534637
000116 0.999685 289.084381 227.858536 439.130341 442.923950
000241 0.999753 227.804504 189.018280 332.378052 401.100739
000111 0.150215 413.233704 259.199066 473.409119 423.931915
000111 0.999529 179.388550 215.915070 316.485077 449.408356
000121 0.011584 140.785553 162.506317 287.332611 480.000000
000121 0.124619 418.183319 246.965302 472.840607 436.390839
000227 0.999938 199.670486 190.614929 324.343201 375.956238
000037 0.006893 424.464233 311.737793 494.954468 402.995850
000215 0.032805 221.433502 170.783295 343.025787 407.369110
000138 0.033339 342.561951 153.429642 505.709900 434.297546
000138 0.005619 277.527344 93.610764 553.969604 480.000000
000213 0.020098 210.120117 167.719238 304.522156 395.347229
000023 0.351307 264.952484 327.583740 322.597504 420.839539
000023 0.005080 416.889191 310.280579 469.954437 442.105530
000110 0.019381 423.220154 241.574799 466.111511 411.694794
000110 0.999059 159.470367 231.841217 294.932434 454.689056
000113 0.071685 424.807434 235.295074 466.646790 428.650116
000113 0.999987 236.458313 235.214066 375.043213 447.636597
000240 0.999412 223.417465 189.935715 327.884277 400.010193
000013 0.005566 386.322235 249.302124 438.091461 382.405273
000013 0.075917 206.480957 319.522064 260.832581 433.119232
000072 0.046243 448.276093 279.648407 502.359039 442.677032
000137 0.021360 305.704987 137.271942 516.467651 448.670624
000106 0.274386 422.918579 250.977127 465.583374 406.707458
000106 0.999965 234.002853 224.225739 376.046936 455.893707
000208 0.010952 180.939453 29.440819 366.887024 279.427551
000219 0.999275 232.059174 161.223251 348.737640 363.701416
000236 0.999686 239.893036 190.722778 344.262787 365.429321
000038 0.067002 433.559387 279.700928 485.481018 435.275635
000234 0.999944 203.509537 196.772461 318.864105 366.855530
000039 0.162220 432.572906 292.916565 484.306793 425.123596
000053 0.911401 350.065399 315.742767 407.167267 432.561310
000053 0.010863 465.400757 309.367645 541.229126 433.990509
000053 0.031314 346.027893 351.405273 411.912903 403.312561
000000 0.007009 466.171173 232.557587 515.016174 454.554596
000084 0.005675 462.326080 285.040009 517.294067 430.638580
000239 0.999811 221.257767 184.908356 322.246307 377.657745
000108 0.022238 413.757812 255.476364 470.794189 427.384094
000108 0.999918 193.762787 243.558044 336.493683 450.362061
000145 0.007622 133.317505 103.067062 296.499695 429.514343
000145 0.175301 419.688599 275.322449 472.396912 435.035217
000226 0.999977 202.242447 185.304535 323.602783 371.561737
000031 0.007029 427.539246 267.627045 488.095032 398.921539
000031 0.009785 423.255829 310.749268 465.163605 434.468384
000220 0.997290 225.529160 155.939819 335.588013 366.583191
000018 0.023214 261.840363 334.103027 329.536896 410.883484
000139 0.010466 294.466034 116.163269 516.787476 404.824524
000139 0.007342 407.214142 323.279907 504.810394 416.155945
000126 0.006830 31.740051 171.154160 209.749405 477.941589
000126 0.064896 411.244598 263.368744 467.161774 423.603668
000074 0.017604 443.991943 278.611755 494.692505 438.149109
000024 0.013279 277.969818 305.576233 319.842316 418.372925
000007 0.006906 435.538971 224.361877 509.830780 362.082275
000041 0.033218 255.159988 334.445862 306.179871 411.996094
000073 0.008311 450.417419 276.774933 494.710510 441.957062
000062 0.023329 451.422302 280.535461 500.692322 434.950134
000062 0.007269 319.852142 325.742798 363.409576 426.658020
000057 0.013982 447.579285 274.786438 503.713440 443.632446
000057 0.020534 300.366364 319.605865 374.668427 412.844757
000001 0.138708 452.251343 247.225143 503.100586 437.255310
000103 0.016778 414.232697 235.806396 466.972137 444.990356
000103 0.999877 229.593338 248.882202 388.470337 462.973816
000127 0.007130 68.472717 185.765060 234.991364 461.763367
000127 0.190721 415.191467 279.066132 466.825500 432.342316
000088 0.015970 460.362732 279.723511 512.199890 436.344360
000112 0.079192 415.867401 269.285095 471.925385 416.783813
000112 0.999870 197.369934 225.083389 346.176086 451.509521
000221 0.029324 221.716400 140.590637 318.454193 368.610413
000223 0.999991 209.060043 188.094421 329.803772 371.371399
000075 0.100120 436.587463 268.400391 486.981689 447.864990
000228 0.999939 200.932526 185.681839 321.952118 378.970398
000133 0.378332 259.552704 150.088425 383.361725 458.830444
000133 0.015058 426.446228 273.337372 486.475464 439.304535
000019 0.831327 264.345825 323.240234 331.182861 421.940857
000019 0.005129 254.710938 352.756836 342.070068 397.562927
000005 0.045111 456.161499 242.165161 498.746521 439.044373
000101 0.016241 405.947876 261.363922 469.920227 452.354218
000101 0.999937 207.747986 270.088806 387.604126 467.745300
000124 0.062809 412.792053 261.101562 465.566040 429.380737
000123 0.077215 410.246735 256.667511 469.839874 427.923309
000123 0.006820 93.817642 166.307983 255.596268 480.000000
000089 0.017417 461.942200 263.166931 520.502625 454.177246
000242 0.999042 221.526382 186.010818 326.795319 404.472290
000032 0.009365 431.165863 266.124054 490.222870 399.612213
000032 0.137921 265.052551 327.763550 321.014038 424.512207
000117 0.998180 296.047028 225.245972 441.476898 443.818665
000059 0.019298 319.649139 321.210144 362.841034 427.726990
000105 0.016632 426.832611 247.836060 483.788544 436.047363
000105 0.999979 249.879913 229.663818 410.177826 454.478760
000080 0.008609 425.149475 246.950012 497.430847 402.138245
000012 0.528332 237.481781 323.629486 287.703156 427.607635
000071 0.010816 453.030518 271.636749 501.097656 447.376312
000071 0.044014 291.533661 313.439301 380.676788 419.328156
000086 0.012722 457.504700 290.562592 517.776794 426.314850
000086 0.040392 309.119843 310.530640 377.153168 436.297913
000231 0.999952 213.578278 188.790710 327.542206 384.120667
000229 0.999997 208.039993 210.280914 330.266785 410.838043
000085 0.034184 456.474487 277.338287 520.873962 441.540131
000114 0.041494 419.551880 252.891800 469.960449 432.101746
000114 0.999977 254.398315 232.970184 401.043091 446.024994
000043 0.005676 262.072296 330.726807 329.674164 443.616699
000206 0.031833 208.832809 120.867310 307.315918 408.294800
000078 0.006821 290.503296 263.617279 483.459839 377.521332
000077 0.015751 453.339447 265.804199 498.257111 449.268127
000029 0.035684 271.111176 321.589417 319.975983 396.377869
000040 0.192289 415.010803 298.830200 468.531555 416.843750
000130 0.051809 146.364166 154.685165 299.772552 480.000000
000130 0.046807 423.753174 273.209320 488.734436 437.676056
000026 0.256257 265.137604 323.870117 321.665009 423.989868
000136 0.009000 208.886337 1.000000 288.375061 83.393417
000134 0.394175 261.700317 169.072662 401.661621 440.766632
000134 0.032589 428.641418 271.365906 485.091309 442.670776
000027 0.011943 427.831116 263.083130 489.694519 402.862976
000027 0.029421 425.901520 304.394104 462.883270 441.203186
000104 0.999938 258.103455 239.939087 419.552063 456.965881
000109 0.059631 425.985840 250.513657 465.098083 406.757874
000109 0.999152 170.744186 236.822617 304.505859 454.942749
000020 0.958149 267.098846 310.233643 322.595551 433.769714
000020 0.005089 251.456726 357.009521 338.117371 393.418701
000214 0.023714 224.971390 169.975616 335.133270 408.216888
000225 0.999964 215.529999 177.903412 332.006561 366.706573
000230 0.999949 218.494415 197.770081 332.101898 386.585815
000141 0.146703 272.012604 109.035950 411.341644 388.668365
000141 0.052713 430.340942 264.390839 482.522583 422.530914
000143 0.019588 190.284912 93.547852 358.353394 413.487885
000143 0.040365 423.295624 239.882278 470.027863 452.949951
000143 0.043841 412.759613 291.416260 497.237701 433.254822
000140 0.023415 302.135498 93.131302 446.031738 423.699463
000140 0.042116 426.387268 275.155518 485.307251 436.402832
000054 0.395508 333.185181 315.145081 388.071167 431.012024
000054 0.006281 323.293915 356.302277 396.940643 394.703522
000083 0.005475 465.506226 273.330811 514.440430 438.521118
000063 0.008750 446.060669 286.917816 499.429626 431.318573
000021 0.991798 251.837463 319.366608 311.482117 432.280365
000021 0.035799 238.575897 350.227722 324.770966 400.809753
000224 0.999976 209.470688 180.052399 328.910461 365.083344
000115 0.011731 423.936096 278.806702 485.243164 431.337280
000115 0.999955 274.246887 224.246857 414.677429 445.208954
001088 0.010301 159.809555 218.132874 212.901932 341.860779
000118 0.096114 421.082367 246.428223 471.286835 442.917053
000118 0.015910 407.412872 298.253510 500.190521 421.200775
000119 0.077978 183.432770 155.039810 317.009430 458.067017
000119 0.177847 428.713318 264.083862 481.856262 424.370972
000010 0.019298 426.928558 240.541016 492.081635 386.487488
000030 0.006712 425.852936 276.915314 488.827667 391.408966
000030 0.010354 254.659302 321.185822 309.524231 424.693573
000011 0.186972 255.549423 328.521820 307.646240 415.290741
000004 0.024375 453.433014 240.704086 499.257172 443.253967
000091 0.037285 465.589539 279.230042 516.895020 441.411255
000142 0.034368 240.360260 96.352692 373.958832 420.549469
000142 0.148139 433.413239 267.777344 479.275848 420.037292
000015 0.009029 399.949768 257.879822 476.652161 397.855591
000233 0.999976 216.144562 188.849579 328.673981 374.053986
000058 0.021104 305.558350 310.218109 382.163391 414.167145
000212 0.034491 214.424759 173.820740 299.732758 401.537720
000222 0.017948 210.688873 157.478088 307.178802 349.948975
000125 0.092085 412.022430 260.216888 466.931000 427.849030
000122 0.202085 417.452972 262.313110 470.957550 424.163696
000235 0.999910 226.887024 188.602524 334.751404 369.433899
000056 0.168909 311.589264 321.498962 371.305634 424.330750
000056 0.006205 308.159210 355.222137 376.881439 396.281464
000055 0.005837 322.627289 305.973267 387.747894 439.863586
000232 0.999973 213.089676 187.958405 325.906219 380.506805
000216 0.417726 243.023376 158.884659 336.939819 376.175903
000144 0.013699 148.637909 82.816788 340.405212 439.686279
000144 0.128616 417.357025 273.639709 474.332794 438.229736
000033 0.013544 437.508392 260.739441 486.137604 401.597290
000076 0.027672 443.827637 271.820923 498.869873 446.150879
000146 0.012220 93.947136 93.536133 285.194611 440.492554
000146 0.217703 417.124420 279.764374 474.174042 432.282806
000146 0.027968 237.179306 328.980530 286.771545 448.700195
000087 0.011629 441.768066 260.856628 511.992432 454.892944
000087 0.209416 315.177582 327.261047 368.211700 419.950623
000087 0.022829 308.838287 357.644012 375.483429 395.532806
000028 0.013923 433.819763 270.070129 486.159851 394.005859
000028 0.132954 256.762024 322.124878 331.239563 422.932007
000238 0.999171 231.347473 183.974091 330.679871 365.274384
000066 0.012170 446.625305 274.835022 492.679749 438.107056
000022 0.951144 251.624557 314.022858 309.605164 440.517365
000022 0.011566 421.529419 311.104645 465.963257 439.862152
000022 0.032496 240.707916 350.721252 322.054108 403.491211
000882 0.005471 290.589874 254.764603 378.092255 364.566772
000064 0.009115 439.921692 263.115387 482.690735 450.286774
000120 0.038717 151.627579 161.521759 296.354858 464.260345
000120 0.088297 429.204620 260.444916 480.047516 427.121490
000016 0.044541 284.848938 235.330688 410.618774 387.061157
000218 0.999754 229.728348 161.964111 353.509216 365.089111
000048 0.013823 460.950653 274.324158 515.331848 444.141907
000131 0.081845 181.483795 164.435318 330.696625 480.000000
000131 0.289827 431.647919 264.553833 483.424286 425.447327
000065 0.063520 438.793030 260.181213 484.097595 453.630432
000014 0.020437 401.467957 271.846832 457.405273 380.534637
000116 0.999685 289.084381 227.858536 439.130341 442.923950
000241 0.999753 227.804504 189.018280 332.378052 401.100739
000111 0.150215 413.233704 259.199066 473.409119 423.931915
000111 0.999529 179.388550 215.915070 316.485077 449.408356
000121 0.011584 140.785553 162.506317 287.332611 480.000000
000121 0.124619 418.183319 246.965302 472.840607 436.390839
000227 0.999938 199.670486 190.614929 324.343201 375.956238
000037 0.006893 424.464233 311.737793 494.954468 402.995850
000215 0.032805 221.433502 170.783295 343.025787 407.369110
000138 0.033339 342.561951 153.429642 505.709900 434.297546
000138 0.005619 277.527344 93.610764 553.969604 480.000000
000213 0.020098 210.120117 167.719238 304.522156 395.347229
000023 0.351307 264.952484 327.583740 322.597504 420.839539
000023 0.005080 416.889191 310.280579 469.954437 442.105530
001639 0.999590 102.487923 228.961655 235.195190 443.499268
000110 0.019381 423.220154 241.574799 466.111511 411.694794
000110 0.999059 159.470367 231.841217 294.932434 454.689056
000113 0.071685 424.807434 235.295074 466.646790 428.650116
000113 0.999987 236.458313 235.214066 375.043213 447.636597
000240 0.999412 223.417465 189.935715 327.884277 400.010193
000013 0.005566 386.322235 249.302124 438.091461 382.405273
000013 0.075917 206.480957 319.522064 260.832581 433.119232
000072 0.046243 448.276093 279.648407 502.359039 442.677032
000137 0.021360 305.704987 137.271942 516.467651 448.670624
000106 0.274386 422.918579 250.977127 465.583374 406.707458
000106 0.999965 234.002853 224.225739 376.046936 455.893707
000208 0.010952 180.939453 29.440819 366.887024 279.427551
000219 0.999275 232.059174 161.223251 348.737640 363.701416
000236 0.999686 239.893036 190.722778 344.262787 365.429321
000038 0.067002 433.559387 279.700928 485.481018 435.275635
000234 0.999944 203.509537 196.772461 318.864105 366.855530
000039 0.162220 432.572906 292.916565 484.306793 425.123596
000053 0.911401 350.065399 315.742767 407.167267 432.561310
000053 0.010863 465.400757 309.367645 541.229126 433.990509
000053 0.031314 346.027893 351.405273 411.912903 403.312561
000000 0.007009 466.171173 232.557587 515.016174 454.554596
000084 0.005675 462.326080 285.040009 517.294067 430.638580
000239 0.999811 221.257767 184.908356 322.246307 377.657745
000108 0.022238 413.757812 255.476364 470.794189 427.384094
000108 0.999918 193.762787 243.558044 336.493683 450.362061
000145 0.007622 133.317505 103.067062 296.499695 429.514343
000145 0.175301 419.688599 275.322449 472.396912 435.035217
000226 0.999977 202.242447 185.304535 323.602783 371.561737
000031 0.007029 427.539246 267.627045 488.095032 398.921539
000031 0.009785 423.255829 310.749268 465.163605 434.468384
001684 0.401012 364.442749 151.565842 481.199463 429.449280
000220 0.997290 225.529160 155.939819 335.588013 366.583191
000018 0.023214 261.840363 334.103027 329.536896 410.883484
000139 0.010466 294.466034 116.163269 516.787476 404.824524
000139 0.007342 407.214142 323.279907 504.810394 416.155945
000126 0.006830 31.740051 171.154160 209.749405 477.941589
000126 0.064896 411.244598 263.368744 467.161774 423.603668
000074 0.017604 443.991943 278.611755 494.692505 438.149109
000024 0.013279 277.969818 305.576233 319.842316 418.372925
000007 0.006906 435.538971 224.361877 509.830780 362.082275
000041 0.033218 255.159988 334.445862 306.179871 411.996094
000073 0.008311 450.417419 276.774933 494.710510 441.957062
000062 0.023329 451.422302 280.535461 500.692322 434.950134
000062 0.007269 319.852142 325.742798 363.409576 426.658020
000057 0.013982 447.579285 274.786438 503.713440 443.632446
000057 0.020534 300.366364 319.605865 374.668427 412.844757
000001 0.138708 452.251343 247.225143 503.100586 437.255310
000103 0.016778 414.232697 235.806396 466.972137 444.990356
000103 0.999877 229.593338 248.882202 388.470337 462.973816
000127 0.007130 68.472717 185.765060 234.991364 461.763367
000127 0.190721 415.191467 279.066132 466.825500 432.342316
000088 0.015970 460.362732 279.723511 512.199890 436.344360
000112 0.079192 415.867401 269.285095 471.925385 416.783813
000112 0.999870 197.369934 225.083389 346.176086 451.509521
000221 0.029324 221.716400 140.590637 318.454193 368.610413
000223 0.999991 209.060043 188.094421 329.803772 371.371399
000075 0.100120 436.587463 268.400391 486.981689 447.864990
000228 0.999939 200.932526 185.681839 321.952118 378.970398
000133 0.378332 259.552704 150.088425 383.361725 458.830444
000133 0.015058 426.446228 273.337372 486.475464 439.304535
000019 0.831327 264.345825 323.240234 331.182861 421.940857
000019 0.005129 254.710938 352.756836 342.070068 397.562927
000005 0.045111 456.161499 242.165161 498.746521 439.044373
000101 0.016241 405.947876 261.363922 469.920227 452.354218
000101 0.999937 207.747986 270.088806 387.604126 467.745300
000124 0.062809 412.792053 261.101562 465.566040 429.380737
000123 0.077215 410.246735 256.667511 469.839874 427.923309
000123 0.006820 93.817642 166.307983 255.596268 480.000000
000089 0.017417 461.942200 263.166931 520.502625 454.177246
000242 0.999042 221.526382 186.010818 326.795319 404.472290
000032 0.009365 431.165863 266.124054 490.222870 399.612213
000032 0.137921 265.052551 327.763550 321.014038 424.512207
000117 0.998180 296.047028 225.245972 441.476898 443.818665
000059 0.019298 319.649139 321.210144 362.841034 427.726990
001596 0.988465 227.072128 212.814621 331.017670 419.058655
000105 0.016632 426.832611 247.836060 483.788544 436.047363
000105 0.999979 249.879913 229.663818 410.177826 454.478760
001731 0.980151 293.858551 224.938385 452.860016 480.000000
000080 0.008609 425.149475 246.950012 497.430847 402.138245
