000012 0.033111 237.481781 323.629486 287.703156 427.607635
000012 0.010589 406.495850 272.448303 479.662964 383.468201
000071 0.030837 220.120148 158.128601 422.263092 324.874237
000071 0.013816 453.030518 271.636749 501.097656 447.376312
000086 0.130302 457.504700 290.562592 517.776794 426.314850
000067 0.006573 448.498840 275.585052 493.742188 441.234039
000202 0.005703 225.552536 105.300674 386.057373 350.532898
000129 0.988120 121.658157 168.890656 270.874084 480.000000
000085 0.115565 456.474487 277.338287 520.873962 441.540131
000107 0.005669 62.088921 169.879700 290.028809 449.834778
000003 0.006007 463.346985 226.940140 511.724792 459.772156
000114 0.344698 419.551880 252.891800 469.960449 432.101746
000114 0.005716 400.951050 307.587250 502.207520 414.334015
000114 0.005187 233.188843 237.602753 404.209778 470.191437
000206 0.012840 202.616287 112.561050 313.464172 390.930237
000077 0.026667 243.574768 254.646301 397.836487 422.847656
000077 0.025491 453.339447 265.804199 498.257111 449.268127
000029 0.668713 91.999390 102.993744 178.213654 291.080383
000029 0.010603 433.846375 271.528442 487.308960 391.070618
000040 0.191586 415.010803 298.830200 468.531555 416.843750
000130 0.998604 159.437805 165.687759 296.849457 470.617737
000130 0.228316 423.753174 273.209320 488.734436 437.676056
000026 0.021833 265.137604 323.870117 321.665009 423.989868
000136 0.015724 208.886337 1.000000 288.375061 83.393417
000134 0.990653 262.197876 170.580856 398.928223 406.671753
000134 0.107656 428.641418 271.365906 485.091309 442.670776
000027 0.168617 427.831116 263.083130 489.694519 402.862976
000027 0.006806 425.901520 304.394104 462.883270 441.203186
000109 0.261898 424.272736 254.395203 480.093475 426.470093
000020 0.082818 268.942963 292.191223 325.216278 428.578369
000214 0.999861 221.715927 155.696381 335.189667 387.167328
000141 0.994208 272.012604 109.035950 411.341644 388.668365
000141 0.316133 419.589111 276.546814 489.659302 435.008789
000002 0.009908 177.701492 197.140930 342.449158 400.633606
000143 0.999365 194.585144 84.033310 351.657288 423.766418
000143 0.537378 424.839630 281.930695 483.204010 429.276154
000140 0.998597 301.789978 100.910461 445.824524 401.352448
000140 0.224624 426.387268 275.155518 485.307251 436.402832
000054 0.031903 333.185181 315.145081 388.071167 431.012024
000083 0.012743 465.506226 273.330811 514.440430 438.521118
000063 0.014190 446.060669 286.917816 499.429626 431.318573
000021 0.006550 251.837463 319.366608 311.482117 432.280365
000115 0.114096 423.936096 278.806702 485.243164 431.337280
000177 0.039033 242.761353 45.663940 426.461182 406.424500
000177 0.017765 237.931305 228.415817 327.311859 325.886108
000118 0.999162 135.276154 153.288254 269.756439 473.371765
000118 0.281073 421.082367 246.428223 471.286835 442.917053
000118 0.008044 407.412872 298.253510 500.190521 421.200775
000119 0.998179 183.432770 155.039810 317.009430 458.067017
000119 0.714823 428.713318 264.083862 481.856262 424.370972
000010 0.823440 426.928558 240.541016 492.081635 386.487488
000194 0.009764 37.791306 36.674316 232.791153 373.690765
000030 0.749789 88.596558 116.006630 156.845352 293.734772
000030 0.130268 425.852936 276.915314 488.827667 391.408966
000011 0.021820 423.555817 256.728394 492.151398 399.101501
000011 0.019181 255.549423 328.521820 307.646240 415.290741
000004 0.048296 453.433014 240.704086 499.257172 443.253967
000091 0.069526 465.589539 279.230042 516.895020 441.411255
000091 0.006651 206.994781 88.465195 408.645477 333.404907
000142 0.997320 241.167618 97.293686 376.240479 399.987000
000142 0.390331 425.083801 270.883331 485.659729 439.777374
000015 0.172669 412.178436 250.897156 464.493805 386.091370
000058 0.015770 237.026031 116.353149 407.364838 257.924164
000212 0.999498 187.153381 170.842468 299.883484 400.317261
000222 0.998216 208.653198 155.775543 310.105530 362.343170
000082 0.005093 464.049438 264.514832 519.938538 447.587708
000125 0.999440 59.244347 174.281662 213.173157 477.742859
000125 0.609060 412.022430 260.216888 466.931000 427.849030
000122 0.999643 128.405121 161.144791 264.691742 475.883301
000122 0.592826 417.452972 262.313110 470.957550 424.163696
000056 0.014319 311.589264 321.498962 371.305634 424.330750
000070 0.019390 235.834961 114.883980 406.873413 262.347412
000216 0.971477 231.744202 160.746902 338.027344 374.948059
000144 0.999597 171.680298 76.525833 327.367188 432.897522
000144 0.616799 422.912384 281.614349 483.857208 430.022980
000033 0.293219 437.508392 260.739441 486.137604 401.597290
000033 0.009988 188.923660 183.879791 332.953735 394.468048
000098 0.010711 255.486481 128.088165 347.740326 340.728210
000076 0.021682 443.827637 271.820923 498.869873 446.150879
000146 0.999658 118.466972 92.240738 273.024536 442.635681
000146 0.561739 423.506165 282.754944 480.373840 429.861084
000146 0.006608 237.179306 328.980530 286.771545 448.700195
000087 0.061022 457.020660 287.204315 510.989166 428.745209
000087 0.010887 315.177582 327.261047 368.211700 419.950623
000087 0.005434 308.838287 357.644012 375.483429 395.532806
000028 0.205947 433.819763 270.070129 486.159851 394.005859
000028 0.006849 256.762024 322.124878 331.239563 422.932007
000238 0.011202 243.185577 185.831024 321.464081 366.495026
000081 0.121982 357.862610 174.901489 539.507751 328.916260
000066 0.020144 446.625305 274.835022 492.679749 438.107056
000022 0.029565 251.624557 314.022858 309.605164 440.517365
000022 0.007237 421.529419 311.104645 465.963257 439.862152
000022 0.006720 240.707916 350.721252 322.054108 403.491211
000064 0.018669 439.921692 263.115387 482.690735 450.286774
000120 0.999640 164.694916 164.929657 296.635651 456.181366
000120 0.423400 429.204620 260.444916 480.047516 427.121490
000016 0.036043 284.848938 235.330688 410.618774 387.061157
000016 0.013351 411.498871 238.200653 475.032867 423.551849
000135 0.014477 161.939270 133.266235 313.098114 379.763550
000135 0.008964 207.516632 1.000000 287.518280 82.273270
000048 0.022622 460.950653 274.324158 515.331848 444.141907
000131 0.999869 190.062546 171.129913 333.213135 462.939667
000131 0.351636 431.647919 264.553833 483.424286 425.447327
000065 0.110187 438.793030 260.181213 484.097595 453.630432
000014 0.318662 405.641449 248.451965 449.951691 387.242615
000116 0.117833 420.524231 295.769836 489.233276 418.747253
000111 0.675717 413.233704 259.199066 473.409119 423.931915
000095 0.019271 249.956696 140.720596 397.871429 385.121643
000095 0.005387 335.000183 146.039703 454.475647 221.867218
000121 0.999751 146.951141 155.093750 280.691498 473.905090
000121 0.482706 418.183319 246.965302 472.840607 436.390839
000099 0.179109 268.976135 103.329453 436.874329 330.377380
000227 0.007368 195.740128 194.069717 315.114258 386.520569
000037 0.006009 424.464233 311.737793 494.954468 402.995850
000215 0.999451 225.899902 157.546982 338.066040 379.197449
000138 0.999125 341.027374 143.882385 507.907562 429.628174
000138 0.061037 277.527344 93.610764 553.969604 480.000000
000213 0.999888 192.441406 166.724121 307.673492 391.303528
000023 0.012315 264.952484 327.583740 322.597504 420.839539
000110 0.084669 415.434875 258.012146 472.180115 422.648865
000113 0.839896 417.352020 260.140747 471.639679 424.662903
000240 0.006409 234.659012 217.150024 318.894318 377.172668
000013 0.516122 386.322235 249.302124 438.091461 382.405273
000013 0.008787 206.480957 319.522064 260.832581 433.119232
000072 0.067517 448.276093 279.648407 502.359039 442.677032
000137 0.999411 345.214355 136.721252 490.891724 437.593567
000106 0.664319 417.496887 262.023621 468.941650 417.735962
000106 0.013108 425.612122 196.406219 456.285706 440.293793
000208 0.079278 204.970230 112.217010 348.235962 344.471466
000208 0.008099 129.834076 1.000000 406.015778 318.623383
000009 0.009637 448.027283 274.823608 502.391357 439.349121
000160 0.022799 192.539886 150.545013 323.373566 403.334076
000038 0.067791 433.559387 279.700928 485.481018 435.275635
000050 0.006276 473.402740 304.849091 534.486816 439.429169
000008 0.011944 386.372864 274.134094 500.653992 452.862427
000039 0.147568 432.572906 292.916565 484.306793 425.123596
000053 0.016680 350.065399 315.742767 407.167267 432.561310
000053 0.013157 465.400757 309.367645 541.229126 433.990509
000000 0.023179 466.171173 232.557587 515.016174 454.554596
000084 0.015335 462.326080 285.040009 517.294067 430.638580
000045 0.006146 421.570404 289.867676 491.408295 452.214478
000108 0.085490 413.757812 255.476364 470.794189 427.384094
000145 0.996289 132.254852 96.266083 297.419952 441.039825
000145 0.687163 423.585968 282.010040 482.045258 428.449005
000031 0.156737 427.539246 267.627045 488.095032 398.921539
000237 0.005685 258.501038 100.187263 447.016113 326.528290
000139 0.999757 330.407379 116.721359 489.371490 393.378113
000126 0.992850 43.905045 176.079422 196.455872 473.335693
000126 0.564416 411.244598 263.368744 467.161774 423.603668
000074 0.022392 443.991943 278.611755 494.692505 438.149109
000007 0.130572 443.039429 222.361618 507.354248 346.165344
000073 0.008731 450.417419 276.774933 494.710510 441.957062
000062 0.035771 451.422302 280.535461 500.692322 434.950134
000057 0.028809 447.579285 274.786438 503.713440 443.632446
000057 0.010708 269.786774 130.489853 457.903290 241.267380
000001 0.022608 452.251343 247.225143 503.100586 437.255310
000103 0.239474 414.232697 235.806396 466.972137 444.990356
000127 0.997787 80.795273 154.475967 217.434647 480.000000
000127 0.405951 415.191467 279.066132 466.825500 432.342316
000088 0.071074 460.362732 279.723511 512.199890 436.344360
000112 0.814527 415.867401 269.285095 471.925385 416.783813
000221 0.990169 219.102936 144.054474 324.393097 374.587921
000211 0.999990 171.417252 158.769882 283.680969 396.266235
000075 0.086032 436.587463 268.400391 486.981689 447.864990
000133 0.971369 241.440475 163.335205 385.623657 446.509338
000133 0.093275 426.446228 273.337372 486.475464 439.304535
000019 0.014128 264.345825 323.240234 331.182861 421.940857
000005 0.107886 456.161499 242.165161 498.746521 439.044373
000101 0.134093 405.947876 261.363922 469.920227 452.354218
000124 0.998186 88.249855 165.369583 211.356750 473.901672
000124 0.533081 412.792053 261.101562 465.566040 429.380737
000123 0.997138 105.695625 166.399261 238.794739 473.204132
000123 0.562590 410.246735 256.667511 469.839874 427.923309
000089 0.080808 461.942200 263.166931 520.502625 454.177246
000032 0.150049 431.165863 266.124054 490.222870 399.612213
000032 0.008711 265.052551 327.763550 321.014038 424.512207
000117 0.006485 293.241302 228.797302 447.335663 478.234436
000059 0.011833 286.732483 98.555870 419.548767 263.542633
000105 0.213329 426.832611 247.836060 483.788544 436.047363
000105 0.011542 404.937683 304.555328 501.671082 415.739227
000012 0.033111 237.481781 323.629486 287.703156 427.607635
000012 0.010589 406.495850 272.448303 479.662964 383.468201
000071 0.030837 220.120148 158.128601 422.263092 324.874237
000071 0.013816 453.030518 271.636749 501.097656 447.376312
000086 0.130302 457.504700 290.562592 517.776794 426.314850
000067 0.006573 448.498840 275.585052 493.742188 441.234039
000202 0.005703 225.552536 105.300674 386.057373 350.532898
000129 0.988120 121.658157 168.890656 270.874084 480.000000
000085 0.115565 456.474487 277.338287 520.873962 441.540131
000107 0.005669 62.088921 169.879700 290.028809 449.834778
000003 0.006007 463.346985 226.940140 511.724792 459.772156
000114 0.344698 419.551880 252.891800 469.960449 432.101746
000114 0.005716 400.951050 307.587250 502.207520 414.334015
000114 0.005187 233.188843 237.602753 404.209778 470.191437
000206 0.012840 202.616287 112.561050 313.464172 390.930237
001358 0.998317 241.894531 130.021698 377.745300 428.805389
000077 0.026667 243.574768 254.646301 397.836487 422.847656
000077 0.025491 453.339447 265.804199 498.257111 449.268127
000029 0.668713 91.999390 102.993744 178.213654 291.080383
000029 0.010603 433.846375 271.528442 487.308960 391.070618
000040 0.191586 415.010803 298.830200 468.531555 416.843750
000130 0.998604 159.437805 165.687759 296.849457 470.617737
000130 0.228316 423.753174 273.209320 488.734436 437.676056
000026 0.021833 265.137604 323.870117 321.665009 423.989868
000136 0.015724 208.886337 1.000000 288.375061 83.393417
000134 0.990653 262.197876 170.580856 398.928223 406.671753
000134 0.107656 428.641418 271.365906 485.091309 442.670776
000027 0.168617 427.831116 263.083130 489.694519 402.862976
000027 0.006806 425.901520 304.394104 462.883270 441.203186
000109 0.261898 424.272736 254.395203 480.093475 426.470093
000020 0.082818 268.942963 292.191223 325.216278 428.578369
000214 0.999861 221.715927 155.696381 335.189667 387.167328
000141 0.994208 272.012604 109.035950 411.341644 388.668365
000141 0.316133 419.589111 276.546814 489.659302 435.008789
000002 0.009908 177.701492 197.140930 342.449158 400.633606
000385 0.016592 205.933594 1.000000 293.014282 74.551392
000385 0.014778 97.241280 125.052734 233.713989 390.659302
000385 0.007953 170.442657 1.000000 321.198334 53.857910
000143 0.999365 194.585144 84.033310 351.657288 423.766418
000143 0.537378 424.839630 281.930695 483.204010 429.276154
000140 0.998597 301.789978 100.910461 445.824524 401.352448
000140 0.224624 426.387268 275.155518 485.307251 436.402832
000054 0.031903 333.185181 315.145081 388.071167 431.012024
000083 0.012743 465.506226 273.330811 514.440430 438.521118
000063 0.014190 446.060669 286.917816 499.429626 431.318573
000021 0.006550 251.837463 319.366608 311.482117 432.280365
000115 0.114096 423.936096 278.806702 485.243164 431.337280
000177 0.039033 242.761353 45.663940 426.461182 406.424500
000177 0.017765 237.931305 228.415817 327.311859 325.886108
001088 0.025308 159.809555 218.132874 212.901932 341.860779
000118 0.999162 135.276154 153.288254 269.756439 473.371765
000118 0.281073 421.082367 246.428223 471.286835 442.917053
000118 0.008044 407.412872 298.253510 500.190521 421.200775
000119 0.998179 183.432770 155.039810 317.009430 458.067017
000119 0.714823 428.713318 264.083862 481.856262 424.370972
000010 0.823440 426.928558 240.541016 492.081635 386.487488
000194 0.009764 37.791306 36.674316 232.791153 373.690765
000030 0.749789 88.596558 116.006630 156.845352 293.734772
000030 0.130268 425.852936 276.915314 488.827667 391.408966
000011 0.021820 423.555817 256.728394 492.151398 399.101501
000011 0.019181 255.549423 328.521820 307.646240 415.290741
000004 0.048296 453.433014 240.704086 499.257172 443.253967
000091 0.069526 465.589539 279.230042 516.895020 441.411255
000091 0.006651 206.994781 88.465195 408.645477 333.404907
001070 0.014965 73.982277 73.214066 258.344635 359.425354
000142 0.997320 241.167618 97.293686 376.240479 399.987000
000142 0.390331 425.083801 270.883331 485.659729 439.777374
000015 0.172669 412.178436 250.897156 464.493805 386.091370
000058 0.015770 237.026031 116.353149 407.364838 257.924164
000212 0.999498 187.153381 170.842468 299.883484 400.317261
000222 0.998216 208.653198 155.775543 310.105530 362.343170
001465 0.251755 255.026855 109.950485 367.038452 357.120361
001424 0.999842 63.891960 128.002396 212.638733 403.521729
000082 0.005093 464.049438 264.514832 519.938538 447.587708
000125 0.999440 59.244347 174.281662 213.173157 477.742859
000125 0.609060 412.022430 260.216888 466.931000 427.849030
000122 0.999643 128.405121 161.144791 264.691742 475.883301
000122 0.592826 417.452972 262.313110 470.957550 424.163696
000056 0.014319 311.589264 321.498962 371.305634 424.330750
000070 0.019390 235.834961 114.883980 406.873413 262.347412
000216 0.971477 231.744202 160.746902 338.027344 374.948059
000144 0.999597 171.680298 76.525833 327.367188 432.897522
000144 0.616799 422.912384 281.614349 483.857208 430.022980
000033 0.293219 437.508392 260.739441 486.137604 401.597290
000033 0.009988 188.923660 183.879791 332.953735 394.468048
000098 0.010711 255.486481 128.088165 347.740326 340.728210
000076 0.021682 443.827637 271.820923 498.869873 446.150879
000146 0.999658 118.466972 92.240738 273.024536 442.635681
000146 0.561739 423.506165 282.754944 480.373840 429.861084
000146 0.006608 237.179306 328.980530 286.771545 448.700195
000087 0.061022 457.020660 287.204315 510.989166 428.745209
000087 0.010887 315.177582 327.261047 368.211700 419.950623
000087 0.005434 308.838287 357.644012 375.483429 395.532806
000028 0.205947 433.819763 270.070129 486.159851 394.005859
000028 0.006849 256.762024 322.124878 331.239563 422.932007
000238 0.011202 243.185577 185.831024 321.464081 366.495026
000081 0.121982 357.862610 174.901489 539.507751 328.916260
000066 0.020144 446.625305 274.835022 492.679749 438.107056
000022 0.029565 251.624557 314.022858 309.605164 440.517365
000022 0.007237 421.529419 311.104645 465.963257 439.862152
000022 0.006720 240.707916 350.721252 322.054108 403.491211
000064 0.018669 439.921692 263.115387 482.690735 450.286774
000255 0.005663 232.361557 114.799500 409.276062 318.395172
000120 0.999640 164.694916 164.929657 296.635651 456.181366
000120 0.423400 429.204620 260.444916 480.047516 427.121490
000016 0.036043 284.848938 235.330688 410.618774 387.061157
000016 0.013351 411.498871 238.200653 475.032867 423.551849
000135 0.014477 161.939270 133.266235 313.098114 379.763550
000135 0.008964 207.516632 1.000000 287.518280 82.273270
000048 0.022622 460.950653 274.324158 515.331848 444.141907
000131 0.999869 190.062546 171.129913 333.213135 462.939667
000131 0.351636 431.647919 264.553833 483.424286 425.447327
000065 0.110187 438.793030 260.181213 484.097595 453.630432
000014 0.318662 405.641449 248.451965 449.951691 387.242615
000116 0.117833 420.524231 295.769836 489.233276 418.747253
000111 0.675717 413.233704 259.199066 473.409119 423.931915
000095 0.019271 249.956696 140.720596 397.871429 385.121643
000095 0.005387 335.000183 146.039703 454.475647 221.867218
000121 0.999751 146.951141 155.093750 280.691498 473.905090
000121 0.482706 418.183319 246.965302 472.840607 436.390839
000099 0.179109 268.976135 103.329453 436.874329 330.377380
000227 0.007368 195.740128 194.069717 315.114258 386.520569
000037 0.006009 424.464233 311.737793 494.954468 402.995850
000215 0.999451 225.899902 157.546982 338.066040 379.197449
000138 0.999125 341.027374 143.882385 507.907562 429.628174
000138 0.061037 277.527344 93.610764 553.969604 480.000000
000213 0.999888 192.441406 166.724121 307.673492 391.303528
000023 0.012315 264.952484 327.583740 322.597504 420.839539
001639 0.005313 107.305908 225.935349 231.439362 480.000000
001410 0.999908 224.220886 127.327118 341.421814 373.565430
000110 0.084669 415.434875 258.012146 472.180115 422.648865
000113 0.839896 417.352020 260.140747 471.639679 424.662903
000240 0.006409 234.659012 217.150024 318.894318 377.172668
000013 0.516122 386.322235 249.302124 438.091461 382.405273
000013 0.008787 206.480957 319.522064 260.832581 433.119232
000072 0.067517 448.276093 279.648407 502.359039 442.677032
000137 0.999411 345.214355 136.721252 490.891724 437.593567
000106 0.664319 417.496887 262.023621 468.941650 417.735962
000106 0.013108 425.612122 196.406219 456.285706 440.293793
000208 0.079278 204.970230 112.217010 348.235962 344.471466
000208 0.008099 129.834076 1.000000 406.015778 318.623383
000009 0.009637 448.027283 274.823608 502.391357 439.349121
000160 0.022799 192.539886 150.545013 323.373566 403.334076
000038 0.067791 433.559387 279.700928 485.481018 435.275635
000050 0.006276 473.402740 304.849091 534.486816 439.429169
000008 0.011944 386.372864 274.134094 500.653992 452.862427
000039 0.147568 432.572906 292.916565 484.306793 425.123596
000053 0.016680 350.065399 315.742767 407.167267 432.561310
000053 0.013157 465.400757 309.367645 541.229126 433.990509
000377 0.007977 205.180435 1.000000 290.824646 74.355896
000377 0.005905 172.265991 1.000000 317.169952 54.428856
000377 0.005005 99.479485 118.976105 236.069092 395.741608
000000 0.023179 466.171173 232.557587 515.016174 454.554596
000084 0.015335 462.326080 285.040009 517.294067 430.638580
000045 0.006146 421.570404 289.867676 491.408295 452.214478
000108 0.085490 413.757812 255.476364 470.794189 427.384094
000145 0.996289 132.254852 96.266083 297.419952 441.039825
000145 0.687163 423.585968 282.010040 482.045258 428.449005
000031 0.156737 427.539246 267.627045 488.095032 398.921539
001684 0.980040 353.536926 153.200577 472.093445 414.633789
000237 0.005685 258.501038 100.187263 447.016113 326.528290
001225 0.006859 317.552917 168.648895 381.239929 356.200043
000139 0.999757 330.407379 116.721359 489.371490 393.378113
001444 0.166877 232.938812 158.985489 366.878326 430.174255
001444 0.010677 102.956833 161.278427 393.343811 440.630188
000126 0.992850 43.905045 176.079422 196.455872 473.335693
000126 0.564416 411.244598 263.368744 467.161774 423.603668
000074 0.022392 443.991943 278.611755 494.692505 438.149109
000007 0.130572 443.039429 222.361618 507.354248 346.165344
000073 0.008731 450.417419 276.774933 494.710510 441.957062
000062 0.035771 451.422302 280.535461 500.692322 434.950134
000057 0.028809 447.579285 274.786438 503.713440 443.632446
000057 0.010708 269.786774 130.489853 457.903290 241.267380
000001 0.022608 452.251343 247.225143 503.100586 437.255310
000103 0.239474 414.232697 235.806396 466.972137 444.990356
000127 0.997787 80.795273 154.475967 217.434647 480.000000
000127 0.405951 415.191467 279.066132 466.825500 432.342316
000088 0.071074 460.362732 279.723511 512.199890 436.344360
000112 0.814527 415.867401 269.285095 471.925385 416.783813
000221 0.990169 219.102936 144.054474 324.393097 374.587921
000211 0.999990 171.417252 158.769882 283.680969 396.266235
000075 0.086032 436.587463 268.400391 486.981689 447.864990
000133 0.971369 241.440475 163.335205 385.623657 446.509338
000133 0.093275 426.446228 273.337372 486.475464 439.304535
000019 0.014128 264.345825 323.240234 331.182861 421.940857
000005 0.107886 456.161499 242.165161 498.746521 439.044373
000101 0.134093 405.947876 261.363922 469.920227 452.354218
000124 0.998186 88.249855 165.369583 211.356750 473.901672
000124 0.533081 412.792053 261.101562 465.566040 429.380737
000123 0.997138 105.695625 166.399261 238.794739 473.204132
000123 0.562590 410.246735 256.667511 469.839874 427.923309
000089 0.080808 461.942200 263.166931 520.502625 454.177246
000032 0.150049 431.165863 266.124054 490.222870 399.612213
000032 0.008711 265.052551 327.763550 321.014038 424.512207
000117 0.006485 293.241302 228.797302 447.335663 478.234436
000059 0.011833 286.732483 98.555870 419.548767 263.542633
001596 0.030629 233.535370 218.218811 332.611908 427.458679
000105 0.213329 426.832611 247.836060 483.788544 436.047363
000105 0.011542 404.937683 304.555328 501.671082 415.739227
001731 0.010577 293.858551 224.938385 452.860016 480.000000
