000012 0.008280 237.481781 323.629486 287.703156 427.607635
000071 0.999678 207.308578 156.396545 367.154907 330.126892
000086 0.999885 193.404114 35.967918 351.807373 211.012451
000086 0.012474 215.095795 72.759239 330.882599 166.972137
000190 0.999983 13.504417 163.891388 194.037842 330.700134
000067 0.999877 113.776634 29.945259 252.179810 200.226227
000067 0.005504 106.806801 57.863117 256.577301 135.034882
000202 0.981208 233.752106 82.490219 373.991669 345.371704
000085 0.999870 279.927216 39.541748 452.811554 210.620270
000085 0.024009 306.350128 73.827133 428.561737 173.799103
000107 0.006910 206.547394 1.000000 287.925812 82.758469
000107 0.999834 76.798676 173.705933 280.402679 453.128296
000206 0.037417 206.683777 69.815193 258.924072 236.117035
000078 0.998217 304.715820 271.891754 459.930176 423.104584
000077 0.998288 255.382629 262.201172 417.822083 415.499207
000029 0.012481 83.897690 110.695976 178.564774 308.250671
000130 0.452872 143.386719 198.315002 313.702423 480.000000
000026 0.013568 265.137604 323.870117 321.665009 423.989868
000136 0.077775 208.886337 1.000000 288.375061 83.393417
000136 0.999382 38.747116 158.797638 259.545410 456.137665
000136 0.005935 182.313263 1.000000 307.333038 56.729454
000134 0.021489 265.291809 172.033859 397.586975 471.015869
000109 0.411909 144.009338 290.160095 328.066101 480.000000
000225 0.007297 203.909790 196.567627 343.160522 381.886414
000141 0.020063 263.043701 120.138214 426.918579 458.695282
000002 0.995108 177.563660 185.748077 318.235199 411.963104
000002 0.007670 203.877365 1.000000 287.176544 82.296143
000186 0.999920 94.689964 160.677582 239.601257 336.285217
000188 0.999989 51.859070 147.351364 234.631622 319.949524
000148 0.007291 56.901215 178.161621 227.962219 463.998535
000143 0.081832 183.931915 120.133942 353.958221 458.480560
000140 0.170482 297.090942 120.351700 450.666992 458.330688
000083 0.999688 370.667938 102.763893 517.812012 275.076172
000083 0.015298 6.374069 36.291794 352.241089 280.658936
000063 0.999977 160.418427 59.615829 300.810760 221.659653
000177 0.010671 237.931305 228.415817 327.311859 325.886108
000185 0.999886 101.706329 164.958755 226.463257 324.871887
000118 0.009845 122.275940 197.172470 290.739258 480.000000
000010 0.009750 426.928558 240.541016 492.081635 386.487488
000194 0.992542 60.866989 55.333572 214.309311 357.765625
000060 0.999917 268.630554 74.662163 428.274109 236.992310
000030 0.320018 80.066254 127.943092 162.991364 323.750000
000015 0.006261 399.949768 257.879822 476.652161 397.855591
000191 0.995039 242.788971 101.223442 402.946014 298.165802
000058 0.999636 242.257828 106.198334 388.085754 267.929016
000187 0.999977 76.427261 147.678009 234.200485 338.780334
000069 0.999803 216.119049 48.487488 370.136078 218.278687
000035 0.015934 25.352921 87.884338 270.911926 406.042694
000082 0.998898 363.961609 147.892593 519.868164 310.307373
000090 0.999787 345.608032 57.903488 501.531067 226.261948
000122 0.005133 113.016449 184.805710 284.135773 480.000000
000068 0.005497 191.178314 1.000000 299.201538 81.834503
000070 0.999904 228.959473 108.588562 377.094971 268.174805
000162 0.998629 235.023819 226.040497 414.051941 471.506317
000198 0.999382 326.826447 64.449577 470.608368 215.515869
000198 0.019043 341.734222 86.486603 454.002106 168.484528
000144 0.233646 159.921021 128.946976 331.158325 450.705933
000076 0.999910 108.678864 240.084900 270.271698 408.789307
000087 0.999944 167.298401 29.596855 329.799316 214.475006
000087 0.006311 193.658310 65.931999 301.163635 170.778351
000028 0.009837 256.762024 322.124878 331.239563 422.932007
000081 0.999873 387.768463 170.160950 543.566956 329.570312
000066 0.999485 61.615143 44.864227 200.231812 202.617004
000022 0.005801 251.624557 314.022858 309.605164 440.517365
000064 0.999817 120.154869 72.534592 252.606720 233.197189
000120 0.010050 151.021179 207.022949 311.695435 480.000000
000061 0.999934 281.314545 57.380951 437.063141 227.182526
000100 0.007895 206.281815 1.000000 288.874329 95.175995
000100 0.995609 117.614258 188.164215 257.767944 415.294159
000135 0.022315 207.516632 1.000000 287.518280 82.273270
000135 0.998238 170.004028 145.954193 312.127502 412.007599
000135 0.037111 101.144867 118.880432 378.377899 426.286316
000131 0.018174 183.156509 201.941696 340.816101 480.000000
000065 0.997416 70.136047 53.978119 192.034729 214.261719
000111 0.011265 137.691650 279.449585 346.951416 480.000000
000121 0.046033 125.524467 185.574173 308.949829 480.000000
000037 0.009027 1.000000 23.992203 357.486145 351.286255
000138 0.176962 332.433044 184.967453 508.993225 457.741394
000023 0.012103 264.952484 327.583740 322.597504 420.839539
000189 0.999936 56.631256 172.733109 233.983612 332.718079
000192 0.999955 270.874725 105.901726 443.183258 298.225250
000110 0.116585 116.433975 282.727295 320.647522 480.000000
000195 0.999998 294.353882 81.728638 442.426941 282.255981
000072 0.999985 186.015472 200.461624 346.297516 367.766724
000137 0.113569 332.550537 158.063385 491.628906 480.000000
000208 0.943541 194.655121 95.021179 354.597748 338.220398
000208 0.007016 112.264648 62.230988 424.556946 358.026428
000160 0.010376 204.873856 1.000000 289.471924 82.294701
000160 0.992438 183.300049 151.169189 308.710571 407.420044
000183 0.999991 79.067581 155.980530 214.009354 331.750610
000184 0.999989 86.911850 147.510056 210.164291 323.842407
000182 0.999987 84.417221 160.805908 222.811172 337.719879
000008 0.011676 386.372864 274.134094 500.653992 452.862427
000193 0.999749 271.077118 102.759583 438.465729 305.436920
000053 0.007626 350.065399 315.742767 407.167267 432.561310
000053 0.007034 17.164780 44.784576 260.843018 398.729919
000181 0.008805 309.943420 85.057495 476.000977 365.889923
000197 0.999948 294.137817 68.831833 468.700317 266.273438
000084 0.999589 331.355652 66.805496 492.016541 233.724014
000084 0.027963 1.000000 17.484482 404.439514 233.872345
000079 0.998101 370.134552 256.530975 521.795288 401.972076
000079 0.016261 377.694092 259.946442 452.587646 391.234283
000239 0.013987 217.433029 211.616547 330.597778 370.917267
000237 0.998873 274.784973 100.591667 461.916199 327.759338
000196 0.999995 287.519653 73.298325 454.659424 273.793945
000220 0.014378 210.020157 171.796234 352.995544 406.624298
000139 0.236027 340.813507 123.373505 472.543671 455.369598
000074 0.999954 138.940582 232.917984 302.476807 402.308167
000007 0.596958 435.538971 224.361877 509.830780 362.082275
000073 0.999989 167.908905 226.285553 323.330048 390.679352
000062 0.999886 222.315796 50.164139 369.056702 219.898666
000057 0.999556 210.509705 119.521370 346.419006 273.560455
000088 0.999763 211.829941 39.158089 379.307312 208.556000
000112 0.016223 176.332520 275.642090 363.517944 480.000000
000034 0.005861 30.814285 93.236252 269.198792 407.983948
000075 0.999914 84.103622 231.729767 246.219681 403.456146
000089 0.999419 277.964294 35.046936 436.729553 217.087326
000036 0.008419 23.963531 60.289978 283.465851 375.051636
000242 0.009421 220.449829 207.272430 328.849976 381.137665
000032 0.011174 265.052551 327.763550 321.014038 424.512207
000117 0.008497 293.241302 228.797302 447.335663 478.234436
000059 0.999930 259.464294 100.592064 407.286377 262.497742
000080 0.999230 420.359192 255.850281 562.842041 402.603882
000080 0.014537 428.608612 249.338104 498.060822 387.007904
000012 0.008280 237.481781 323.629486 287.703156 427.607635
000071 0.999678 207.308578 156.396545 367.154907 330.126892
000086 0.999885 193.404114 35.967918 351.807373 211.012451
000086 0.012474 215.095795 72.759239 330.882599 166.972137
000190 0.999983 13.504417 163.891388 194.037842 330.700134
000972 0.798590 221.641388 94.757256 331.574799 309.675293
000067 0.999877 113.776634 29.945259 252.179810 200.226227
000067 0.005504 106.806801 57.863117 256.577301 135.034882
000202 0.981208 233.752106 82.490219 373.991669 345.371704
000085 0.999870 279.927216 39.541748 452.811554 210.620270
000085 0.024009 306.350128 73.827133 428.561737 173.799103
000107 0.006910 206.547394 1.000000 287.925812 82.758469
000107 0.999834 76.798676 173.705933 280.402679 453.128296
000206 0.037417 206.683777 69.815193 258.924072 236.117035
001358 0.007217 242.121094 187.111130 377.558105 458.298950
000078 0.998217 304.715820 271.891754 459.930176 423.104584
000077 0.998288 255.382629 262.201172 417.822083 415.499207
000029 0.012481 83.897690 110.695976 178.564774 308.250671
000130 0.452872 143.386719 198.315002 313.702423 480.000000
000026 0.013568 265.137604 323.870117 321.665009 423.989868
000136 0.077775 208.886337 1.000000 288.375061 83.393417
000136 0.999382 38.747116 158.797638 259.545410 456.137665
000136 0.005935 182.313263 1.000000 307.333038 56.729454
000134 0.021489 265.291809 172.033859 397.586975 471.015869
000109 0.411909 144.009338 290.160095 328.066101 480.000000
000225 0.007297 203.909790 196.567627 343.160522 381.886414
000141 0.020063 263.043701 120.138214 426.918579 458.695282
000002 0.995108 177.563660 185.748077 318.235199 411.963104
000002 0.007670 203.877365 1.000000 287.176544 82.296143
000186 0.999920 94.689964 160.677582 239.601257 336.285217
000188 0.999989 51.859070 147.351364 234.631622 319.949524
000385 0.024778 205.933594 1.000000 293.014282 74.551392
000385 0.010920 170.442657 1.000000 321.198334 53.857910
000148 0.007291 56.901215 178.161621 227.962219 463.998535
000143 0.081832 183.931915 120.133942 353.958221 458.480560
000140 0.170482 297.090942 120.351700 450.666992 458.330688
000083 0.999688 370.667938 102.763893 517.812012 275.076172
000083 0.015298 6.374069 36.291794 352.241089 280.658936
000063 0.999977 160.418427 59.615829 300.810760 221.659653
000177 0.010671 237.931305 228.415817 327.311859 325.886108
001088 0.014477 159.809555 218.132874 212.901932 341.860779
001088 0.018570 28.416847 97.609039 207.568176 423.522858
000185 0.999886 101.706329 164.958755 226.463257 324.871887
000118 0.009845 122.275940 197.172470 290.739258 480.000000
000010 0.009750 426.928558 240.541016 492.081635 386.487488
000194 0.992542 60.866989 55.333572 214.309311 357.765625
000060 0.999917 268.630554 74.662163 428.274109 236.992310
000030 0.320018 80.066254 127.943092 162.991364 323.750000
000015 0.006261 399.949768 257.879822 476.652161 397.855591
000191 0.995039 242.788971 101.223442 402.946014 298.165802
000058 0.999636 242.257828 106.198334 388.085754 267.929016
000187 0.999977 76.427261 147.678009 234.200485 338.780334
000069 0.999803 216.119049 48.487488 370.136078 218.278687
000035 0.015934 25.352921 87.884338 270.911926 406.042694
000082 0.998898 363.961609 147.892593 519.868164 310.307373
000090 0.999787 345.608032 57.903488 501.531067 226.261948
000122 0.005133 113.016449 184.805710 284.135773 480.000000
000068 0.005497 191.178314 1.000000 299.201538 81.834503
000070 0.999904 228.959473 108.588562 377.094971 268.174805
000162 0.998629 235.023819 226.040497 414.051941 471.506317
000198 0.999382 326.826447 64.449577 470.608368 215.515869
000198 0.019043 341.734222 86.486603 454.002106 168.484528
000144 0.233646 159.921021 128.946976 331.158325 450.705933
000076 0.999910 108.678864 240.084900 270.271698 408.789307
000087 0.999944 167.298401 29.596855 329.799316 214.475006
000087 0.006311 193.658310 65.931999 301.163635 170.778351
000028 0.009837 256.762024 322.124878 331.239563 422.932007
000081 0.999873 387.768463 170.160950 543.566956 329.570312
000066 0.999485 61.615143 44.864227 200.231812 202.617004
000022 0.005801 251.624557 314.022858 309.605164 440.517365
000882 0.997443 61.056374 169.003311 213.976013 361.131042
000064 0.999817 120.154869 72.534592 252.606720 233.197189
000255 0.999813 248.046478 112.574837 424.727997 321.993469
000120 0.010050 151.021179 207.022949 311.695435 480.000000
000061 0.999934 281.314545 57.380951 437.063141 227.182526
000100 0.007895 206.281815 1.000000 288.874329 95.175995
000100 0.995609 117.614258 188.164215 257.767944 415.294159
000135 0.022315 207.516632 1.000000 287.518280 82.273270
000135 0.998238 170.004028 145.954193 312.127502 412.007599
000135 0.037111 101.144867 118.880432 378.377899 426.286316
000131 0.018174 183.156509 201.941696 340.816101 480.000000
000065 0.997416 70.136047 53.978119 192.034729 214.261719
000111 0.011265 137.691650 279.449585 346.951416 480.000000
000121 0.046033 125.524467 185.574173 308.949829 480.000000
000037 0.009027 1.000000 23.992203 357.486145 351.286255
000989 0.011590 284.241516 157.450562 350.017273 311.850708
000138 0.176962 332.433044 184.967453 508.993225 457.741394
000023 0.012103 264.952484 327.583740 322.597504 420.839539
000189 0.999936 56.631256 172.733109 233.983612 332.718079
000192 0.999955 270.874725 105.901726 443.183258 298.225250
000110 0.116585 116.433975 282.727295 320.647522 480.000000
000195 0.999998 294.353882 81.728638 442.426941 282.255981
000072 0.999985 186.015472 200.461624 346.297516 367.766724
000137 0.113569 332.550537 158.063385 491.628906 480.000000
000208 0.943541 194.655121 95.021179 354.597748 338.220398
000208 0.007016 112.264648 62.230988 424.556946 358.026428
000160 0.010376 204.873856 1.000000 289.471924 82.294701
000160 0.992438 183.300049 151.169189 308.710571 407.420044
000183 0.999991 79.067581 155.980530 214.009354 331.750610
000184 0.999989 86.911850 147.510056 210.164291 323.842407
000182 0.999987 84.417221 160.805908 222.811172 337.719879
000008 0.011676 386.372864 274.134094 500.653992 452.862427
000193 0.999749 271.077118 102.759583 438.465729 305.436920
000053 0.007626 350.065399 315.742767 407.167267 432.561310
000053 0.007034 17.164780 44.784576 260.843018 398.729919
000181 0.008805 309.943420 85.057495 476.000977 365.889923
000197 0.999948 294.137817 68.831833 468.700317 266.273438
000377 0.021586 205.180435 1.000000 290.824646 74.355896
000377 0.012544 172.265991 1.000000 317.169952 54.428856
000084 0.999589 331.355652 66.805496 492.016541 233.724014
000084 0.027963 1.000000 17.484482 404.439514 233.872345
000079 0.998101 370.134552 256.530975 521.795288 401.972076
000079 0.016261 377.694092 259.946442 452.587646 391.234283
000239 0.013987 217.433029 211.616547 330.597778 370.917267
000237 0.998873 274.784973 100.591667 461.916199 327.759338
000196 0.999995 287.519653 73.298325 454.659424 273.793945
000220 0.014378 210.020157 171.796234 352.995544 406.624298
000139 0.236027 340.813507 123.373505 472.543671 455.369598
001444 0.006509 173.100830 339.976776 256.794037 372.437836
000074 0.999954 138.940582 232.917984 302.476807 402.308167
000007 0.596958 435.538971 224.361877 509.830780 362.082275
000944 0.990557 19.210617 169.783203 187.006485 354.221558
000073 0.999989 167.908905 226.285553 323.330048 390.679352
000062 0.999886 222.315796 50.164139 369.056702 219.898666
000057 0.999556 210.509705 119.521370 346.419006 273.560455
000088 0.999763 211.829941 39.158089 379.307312 208.556000
000112 0.016223 176.332520 275.642090 363.517944 480.000000
000034 0.005861 30.814285 93.236252 269.198792 407.983948
000075 0.999914 84.103622 231.729767 246.219681 403.456146
000089 0.999419 277.964294 35.046936 436.729553 217.087326
000036 0.008419 23.963531 60.289978 283.465851 375.051636
000242 0.009421 220.449829 207.272430 328.849976 381.137665
000032 0.011174 265.052551 327.763550 321.014038 424.512207
000117 0.008497 293.241302 228.797302 447.335663 478.234436
000059 0.999930 259.464294 100.592064 407.286377 262.497742
001596 0.058203 228.260345 303.714233 342.975250 408.709900
000080 0.999230 420.359192 255.850281 562.842041 402.603882
000080 0.014537 428.608612 249.338104 498.060822 387.007904
